# Extracted from: /Users/abdurahmanal-essa/vrptheo/instances/100-Nodes/RioClaroPostToy_100_0.vrp
# 100 delivery nodes + 1 depot = 101 total
# node 0 = depot, nodes 1..100 = delivery nodes

dist_matrix = [
    [0.000, 3238.626, 3078.931, 3580.103, 4529.420, 752.033, 4314.172, 4113.251, 3584.176, 2257.171, 1810.915, 4182.373, 2749.779, 1934.010, 1905.109, 1861.532, 2083.147, 2933.839, 1712.589, 1198.674, 2426.913, 1836.618, 1428.533, 1690.858, 1628.856, 1944.182, 4002.636, 4015.505, 4699.420, 1203.431, 2681.393, 4099.876, 2652.725, 1949.350, 707.095, 6009.530, 729.953, 4196.127, 2094.392, 2551.938, 1992.051, 2912.831, 5033.666, 4972.979, 556.399, 2015.705, 1346.798, 3122.319, 518.474, 1522.452, 1970.360, 546.695, 2053.709, 1780.277, 5589.100, 4333.367, 4026.765, 4181.198, 1724.932, 2404.816, 550.192, 1603.946, 762.730, 1357.575, 2640.404, 869.073, 1036.076, 740.189, 3104.839, 817.928, 2604.018, 2890.823, 3129.365, 566.617, 1609.157, 1407.116, 1695.070, 4114.524, 1753.959, 3771.029, 3313.803, 2625.102, 2656.492, 2107.713, 3210.848, 2741.300, 1746.531, 3500.014, 3098.423, 978.026, 3274.970, 3237.659, 1835.576, 540.383, 1170.105, 3218.435, 2778.466, 3256.535, 3876.682, 2258.366, 2067.272],
    [3238.626, 0.000, 1314.268, 1314.603, 4917.046, 3809.721, 5382.622, 4458.205, 4646.893, 3290.734, 4900.948, 5122.197, 3815.587, 2365.107, 3354.309, 1724.954, 1391.300, 616.868, 1657.272, 3215.143, 4311.740, 1405.552, 4518.566, 3584.078, 2074.471, 2031.580, 1796.648, 3282.885, 2462.039, 2508.207, 1066.855, 5244.291, 2574.197, 2468.390, 3858.270, 6093.843, 2889.318, 4446.631, 3543.593, 714.303, 1800.211, 3650.033, 6178.081, 4247.386, 2771.032, 4215.099, 1900.090, 1039.370, 3424.765, 4612.486, 1271.810, 3220.500, 1590.518, 1564.812, 6733.515, 4573.477, 3522.124, 5325.613, 2850.680, 2325.502, 2817.996, 3620.416, 3820.419, 3374.045, 3695.417, 2501.685, 4126.109, 3797.878, 606.737, 2834.398, 662.224, 1527.867, 3852.975, 3717.792, 2709.039, 2293.070, 4411.784, 4051.327, 2851.105, 3278.224, 4368.815, 4131.266, 632.187, 3050.527, 2138.908, 2646.021, 3080.786, 4188.817, 836.467, 2641.135, 2020.302, 4292.671, 1881.650, 3378.785, 3257.457, 2706.051, 3187.055, 3612.039, 3348.097, 3574.442, 2916.323],
    [3078.931, 1314.268, 0.000, 2285.257, 5640.607, 3579.827, 5960.699, 5181.766, 5149.004, 3792.846, 4671.054, 5714.239, 4317.699, 1679.421, 3790.058, 1828.316, 1558.685, 1587.523, 1369.886, 2648.210, 4743.827, 1498.689, 4288.672, 4003.615, 2288.665, 2467.329, 2767.302, 2056.030, 1673.333, 2722.401, 478.211, 5746.403, 3259.522, 2904.139, 3754.078, 6817.405, 3062.378, 5170.192, 3979.342, 1355.907, 2235.960, 4193.676, 6680.193, 3020.531, 2568.421, 3608.068, 1871.257, 291.265, 3194.871, 4382.592, 1380.122, 3313.637, 1744.145, 1480.327, 7235.626, 5297.038, 4245.685, 5827.724, 3286.429, 3010.828, 2588.102, 3020.481, 3590.525, 2723.201, 4197.529, 2594.822, 3896.215, 3567.983, 938.783, 2542.130, 1328.996, 2248.041, 4410.210, 3613.600, 3144.788, 2472.829, 3820.330, 4774.888, 3286.854, 4001.785, 4870.927, 4633.377, 1203.198, 3552.639, 2925.957, 3331.347, 3516.535, 4780.860, 1807.122, 2820.894, 2809.583, 4794.783, 2258.357, 3148.891, 3538.532, 3429.612, 3848.380, 4276.756, 2121.242, 4076.554, 3418.435],
    [3580.103, 1314.603, 2285.257, 0.000, 4447.109, 4114.619, 4912.686, 3988.268, 4190.521, 2834.362, 5152.301, 4652.260, 3359.215, 2905.285, 3151.309, 1922.430, 1551.971, 701.279, 2240.311, 3683.766, 3981.701, 1798.499, 4769.919, 3386.712, 1956.536, 1828.580, 786.697, 4184.538, 3674.113, 2390.098, 1947.445, 4787.919, 2117.825, 2265.390, 3884.368, 5623.907, 2854.870, 3976.694, 3340.593, 1113.101, 1597.211, 3180.096, 5721.709, 5149.039, 3151.710, 4683.722, 2293.037, 2010.359, 3839.400, 4863.838, 1801.947, 3307.133, 1748.491, 2045.354, 6277.143, 4103.540, 3052.187, 4860.552, 2647.680, 1869.130, 3232.631, 4089.038, 4125.316, 3842.667, 3239.045, 2767.525, 4377.462, 4111.641, 1567.899, 3303.020, 1068.490, 1177.829, 3383.038, 3743.889, 2506.039, 2182.310, 4880.407, 3581.390, 2646.323, 2808.287, 3912.443, 3674.894, 1186.816, 2594.155, 1668.972, 2189.649, 2877.786, 3718.880, 497.178, 2606.687, 1550.365, 3836.299, 1763.715, 3793.421, 3098.239, 2236.114, 2717.118, 3142.103, 4249.750, 3118.070, 2459.951],
    [4529.420, 4917.046, 5640.607, 4447.109, 0.000, 4980.528, 2281.666, 619.986, 1940.384, 2682.545, 6018.210, 2000.022, 2343.928, 5380.721, 3478.183, 4175.928, 4270.674, 4319.399, 4892.841, 5222.801, 4018.065, 4451.029, 5635.828, 3909.354, 3702.555, 3385.771, 3941.876, 6986.849, 7190.583, 3602.923, 5243.069, 2862.711, 2570.184, 2902.440, 4750.277, 1483.654, 3807.871, 558.834, 3560.446, 4486.238, 3550.854, 1620.133, 4002.653, 7944.323, 4521.185, 6222.757, 4564.582, 5538.537, 4934.359, 5729.747, 4503.679, 4173.042, 4124.481, 4697.883, 4290.969, 394.741, 1507.248, 2233.686, 3024.850, 2819.519, 4695.712, 5628.073, 4991.225, 5381.702, 2320.995, 4136.999, 5243.371, 4977.550, 5170.341, 4842.056, 4509.455, 3464.971, 1451.878, 4609.798, 2981.003, 3638.933, 5902.365, 990.787, 2850.521, 1784.160, 1662.023, 3629.645, 4610.085, 2648.231, 2815.125, 2488.433, 3120.448, 1066.643, 4154.591, 3694.227, 2932.167, 1729.782, 3671.790, 4888.380, 3964.148, 2214.538, 2015.534, 1553.445, 7006.040, 3052.459, 2517.470],
    [752.033, 3809.721, 3579.827, 4114.619, 4980.528, 0.000, 4650.332, 4564.359, 3920.336, 2593.331, 1185.705, 4518.533, 3085.939, 2394.157, 2241.269, 2454.612, 2675.930, 3526.622, 2213.485, 1655.918, 2641.834, 2429.401, 803.323, 1918.306, 2258.187, 2473.083, 4453.743, 4516.401, 5200.317, 1832.762, 3182.289, 4346.635, 3103.832, 2400.458, 811.297, 6460.637, 1359.284, 4647.234, 2430.552, 3144.721, 2520.951, 3363.938, 5280.425, 5473.876, 1209.478, 1326.334, 1949.301, 3623.215, 582.099, 897.242, 2543.312, 892.170, 2683.040, 2281.173, 5835.859, 4784.475, 4477.873, 4517.358, 2176.039, 2855.923, 995.270, 1646.499, 25.759, 1814.819, 2976.564, 1512.044, 556.913, 47.318, 3605.735, 1275.172, 3196.801, 3425.339, 3580.472, 670.818, 2060.264, 2036.448, 1005.700, 4565.631, 2205.067, 4222.136, 3649.963, 2847.674, 3229.443, 2558.820, 3661.956, 3192.408, 2100.612, 3951.122, 3632.939, 1607.358, 3726.078, 3573.819, 2464.907, 628.078, 1332.753, 3669.542, 3229.573, 3707.642, 4336.829, 2594.526, 2518.379],
    [4314.172, 5382.622, 5960.699, 4912.686, 2281.666, 4650.332, 0.000, 1926.015, 871.191, 2178.066, 5012.352, 417.991, 1698.106, 5558.149, 2714.730, 4353.357, 4526.097, 4784.976, 5092.252, 5380.465, 2543.042, 4650.440, 5193.439, 2860.009, 3879.984, 3563.199, 4407.453, 7186.260, 7581.188, 3757.102, 5563.161, 1115.651, 2913.740, 3075.270, 4223.203, 3761.776, 3958.305, 2008.890, 2637.072, 4951.815, 3728.283, 1784.533, 2255.593, 8143.734, 4678.849, 5892.804, 4742.011, 6004.087, 4780.186, 5018.416, 4703.090, 3842.846, 4323.892, 4897.294, 2410.119, 2145.479, 2007.460, 195.464, 2911.925, 3136.629, 4832.416, 5785.737, 4661.029, 5539.366, 1791.961, 4294.663, 4800.346, 4647.355, 5635.918, 4999.719, 4975.032, 3930.548, 1616.277, 4197.890, 3053.566, 3816.362, 5572.170, 1927.766, 2886.894, 2249.736, 1113.915, 2019.935, 5075.662, 2529.144, 3280.702, 2831.989, 2690.233, 1218.568, 4620.168, 3848.406, 3397.744, 1207.893, 3849.219, 4804.794, 3438.759, 2680.115, 2246.103, 1799.371, 7205.452, 2204.942, 2652.943],
    [4113.251, 4458.205, 5181.766, 3988.268, 619.986, 4564.359, 1926.015, 0.000, 1584.040, 2323.767, 5602.041, 1644.370, 1985.151, 4798.373, 3116.834, 3593.581, 3766.321, 3860.559, 4332.476, 4620.689, 3659.288, 3890.664, 5219.659, 3548.005, 3120.208, 2803.423, 3483.035, 6426.484, 6731.742, 2997.326, 4784.228, 2506.368, 2041.522, 2315.494, 4334.108, 2100.096, 3391.703, 86.419, 3201.668, 4027.398, 2968.507, 1261.356, 3646.309, 7383.958, 3919.073, 5620.645, 3982.235, 5079.696, 4518.190, 5313.578, 3943.314, 3756.873, 3564.116, 4137.518, 3935.317, 270.678, 1048.407, 1877.343, 2663.501, 2290.858, 4133.281, 5025.961, 4575.056, 4779.590, 1962.218, 3534.887, 4827.202, 4561.382, 4711.500, 4239.943, 4050.614, 3006.130, 1094.896, 4193.630, 2619.654, 3056.586, 5486.196, 462.125, 2489.172, 1325.319, 1305.680, 3270.868, 4151.244, 2289.453, 2356.284, 1959.771, 2759.099, 710.991, 3695.751, 3205.402, 2473.326, 1372.800, 3089.443, 4472.211, 3547.979, 1755.698, 1399.092, 952.361, 6445.676, 2693.681, 2158.693],
    [3584.176, 4646.893, 5149.004, 4190.521, 1940.384, 3920.336, 871.191, 1584.040, 0.000, 1448.070, 4749.354, 718.406, 837.941, 4746.455, 2140.170, 3541.662, 3714.402, 4049.246, 4280.558, 4568.770, 2245.923, 3838.746, 4575.637, 2562.890, 3068.289, 2751.504, 3743.082, 6374.565, 6769.494, 2945.407, 4751.466, 931.669, 2227.022, 2263.575, 3690.085, 3420.493, 3146.610, 1666.916, 2169.580, 4184.523, 2916.588, 1094.437, 2071.611, 7332.039, 3867.154, 5162.808, 3930.316, 5192.392, 4050.190, 4669.556, 3891.396, 3112.850, 3512.197, 4085.600, 2627.044, 1803.505, 1662.024, 738.216, 2100.230, 2324.934, 4038.196, 4974.043, 3931.033, 4727.671, 958.621, 3482.968, 4183.179, 3917.359, 4900.188, 4188.025, 4210.918, 3156.582, 877.903, 3549.607, 2241.872, 3004.667, 4842.174, 1585.313, 2075.199, 1585.366, 299.000, 1722.816, 4311.547, 1717.449, 2616.331, 2163.401, 1933.775, 910.978, 3893.585, 3036.711, 2733.373, 382.963, 3037.524, 4074.798, 2851.274, 2015.744, 1560.160, 1120.458, 6393.757, 1661.593, 1841.249],
    [2257.171, 3290.734, 3792.846, 2834.362, 2682.545, 2593.331, 2178.066, 2323.767, 1448.070, 0.000, 3631.013, 2046.267, 613.673, 3390.296, 817.978, 2185.503, 2358.243, 2693.088, 2924.399, 3212.611, 1339.064, 2482.587, 3248.632, 1249.150, 1712.130, 1395.346, 2566.596, 5018.406, 5413.335, 1589.249, 3395.308, 1963.769, 868.061, 907.416, 2363.080, 4162.655, 1790.451, 2406.643, 881.445, 2828.364, 1560.429, 1065.956, 2897.560, 5975.881, 2510.995, 3835.803, 2574.157, 3836.234, 2723.185, 3342.551, 2535.237, 1785.845, 2156.038, 2729.441, 3452.993, 2543.883, 2237.281, 2045.091, 747.978, 968.776, 2682.037, 3617.884, 2604.028, 3371.513, 504.298, 2126.810, 2856.174, 2590.354, 3544.029, 2831.866, 2854.759, 1800.424, 1243.192, 2222.602, 889.620, 1648.508, 3515.169, 2325.040, 722.947, 1981.545, 1177.696, 1032.258, 2955.389, 365.197, 1774.808, 956.637, 515.711, 1653.139, 2537.427, 1680.553, 1838.931, 1101.552, 1681.366, 2747.793, 1524.269, 1429.811, 989.842, 1467.051, 5037.598, 373.458, 485.090],
    [1810.915, 4900.948, 4671.054, 5152.301, 6018.210, 1185.705, 5012.352, 5602.041, 4749.354, 3631.013, 0.000, 5383.384, 4123.621, 3478.099, 2876.905, 3545.839, 3767.157, 4617.848, 3304.712, 2454.382, 2506.975, 3520.628, 601.383, 2438.785, 3295.869, 3510.765, 5491.426, 5588.614, 6291.544, 2870.445, 4273.516, 4449.470, 4141.515, 3438.140, 1400.134, 7498.319, 2396.967, 5684.916, 2818.295, 4235.948, 3558.634, 4401.621, 5383.261, 6546.088, 2300.704, 1682.020, 3040.528, 4714.442, 1742.255, 292.007, 3634.539, 1929.852, 3720.723, 3372.400, 5938.694, 5822.157, 5515.555, 4858.247, 3213.721, 3893.605, 2086.496, 2053.227, 1196.402, 2394.183, 4014.247, 2549.726, 868.927, 1207.474, 4696.962, 2366.399, 4288.028, 4463.021, 4618.154, 1528.059, 3097.946, 3074.130, 1336.494, 5603.313, 3242.749, 5259.818, 4687.645, 3045.142, 4320.670, 3596.503, 4699.638, 4230.090, 3138.294, 4988.804, 4670.621, 2645.040, 4763.760, 4611.501, 3502.590, 1788.234, 2184.889, 4707.225, 4267.255, 4745.324, 5283.335, 3326.282, 3556.061],
    [4182.373, 5122.197, 5714.239, 4652.260, 2000.022, 4518.533, 417.991, 1644.370, 718.406, 2046.267, 5383.384, 0.000, 1462.239, 5311.689, 2743.181, 4106.897, 4279.637, 4524.551, 4845.792, 5134.005, 2879.953, 4403.980, 5173.834, 3174.352, 3633.524, 3316.739, 4147.027, 6939.800, 7334.729, 3510.642, 5316.701, 1530.098, 2653.315, 2828.810, 4288.282, 3366.797, 3711.845, 1727.246, 2793.878, 4691.390, 3481.823, 1524.107, 2342.734, 7897.274, 4432.389, 5761.005, 4495.551, 5743.688, 4648.387, 5267.753, 4456.630, 3711.048, 4077.432, 4650.835, 2343.540, 1863.835, 1747.034, 590.559, 2690.724, 2890.169, 4603.431, 5539.277, 4529.231, 5292.906, 1556.095, 4048.203, 4781.376, 4515.556, 5375.492, 4753.259, 4714.606, 3670.122, 1355.852, 4147.804, 2832.365, 3569.902, 5440.371, 1646.122, 2665.693, 1989.311, 878.049, 2356.846, 4815.236, 2307.942, 3020.276, 2571.563, 2524.268, 936.923, 4359.743, 3601.946, 3137.318, 972.026, 3602.759, 4672.995, 3449.471, 2419.690, 1985.677, 1538.945, 6958.992, 2285.891, 2421.444],
    [2749.779, 3815.587, 4317.699, 3359.215, 2343.928, 3085.939, 1698.106, 1985.151, 837.941, 613.673, 4123.621, 1462.239, 0.000, 3915.149, 1305.773, 2710.356, 2883.096, 3217.941, 3449.252, 3737.464, 1792.802, 3007.440, 3741.240, 1741.758, 2236.983, 1920.199, 2960.970, 5543.259, 5938.188, 2114.102, 3920.161, 1697.868, 1395.717, 1432.269, 2855.688, 3824.038, 2315.304, 2068.026, 1335.183, 3353.217, 2085.282, 727.339, 2631.658, 6500.734, 3035.848, 4328.411, 3099.010, 4361.087, 3215.793, 3835.159, 3060.090, 2278.453, 2680.891, 3254.294, 3187.092, 2205.267, 1898.665, 1571.454, 1268.925, 1493.629, 3206.890, 4142.737, 3096.636, 3896.366, 124.224, 2651.663, 3348.782, 3082.962, 4068.883, 3356.719, 3379.612, 2325.277, 901.823, 2715.210, 1410.566, 2173.361, 4007.776, 1986.423, 1243.894, 1642.928, 706.328, 1308.914, 3480.242, 886.143, 1834.220, 1377.990, 1102.469, 1314.523, 3062.280, 2205.406, 1951.261, 633.179, 2206.219, 3240.401, 2016.877, 1233.633, 752.629, 1128.434, 5562.451, 827.196, 1009.943],
    [1934.010, 2365.107, 1679.421, 2905.285, 5380.721, 2394.157, 5558.149, 4798.373, 4746.455, 3390.296, 3478.099, 5311.689, 3915.149, 0.000, 3387.509, 1208.337, 1356.858, 2207.550, 778.147, 1056.145, 4281.015, 1120.118, 3057.485, 3540.803, 1782.322, 2069.199, 3387.330, 2265.860, 3299.910, 2216.058, 1614.127, 5343.853, 2895.634, 2501.589, 2609.156, 6615.688, 2193.642, 4881.249, 3576.792, 1825.650, 1955.609, 3791.126, 6277.643, 3223.334, 1423.500, 2016.003, 982.246, 1798.801, 2009.200, 3196.921, 1159.187, 2443.575, 1394.617, 893.529, 6833.077, 5010.897, 4044.956, 5425.175, 2883.880, 2640.523, 1402.431, 1428.416, 2404.854, 1131.136, 3794.979, 1724.760, 2710.544, 2382.313, 2075.130, 1122.529, 1877.729, 2405.579, 4007.660, 2468.678, 2742.238, 1966.485, 2228.265, 4468.363, 2884.304, 3787.162, 4468.377, 4230.828, 1845.318, 3150.089, 3076.967, 2977.541, 3113.986, 4378.310, 2427.149, 2241.953, 3054.395, 4392.233, 1752.013, 1963.221, 3032.188, 3214.990, 3445.830, 3874.206, 1960.581, 3674.004, 3015.885],
    [1905.109, 3354.309, 3790.058, 3151.309, 3478.183, 2241.269, 2714.730, 3116.834, 2140.170, 817.978, 2876.905, 2743.181, 1305.773, 3387.509, 0.000, 2182.716, 2355.456, 2756.663, 2921.612, 3071.835, 960.974, 2479.800, 2896.569, 680.182, 1709.343, 1392.559, 3006.218, 5015.619, 5410.548, 1424.598, 3392.521, 2405.214, 1656.307, 983.412, 2011.018, 4958.292, 1574.669, 3199.709, 202.779, 2825.577, 1557.642, 1861.593, 3339.005, 5973.094, 2429.560, 3483.741, 2571.370, 3833.446, 2371.123, 2882.969, 2532.450, 1433.783, 2153.251, 2726.654, 3894.438, 3336.950, 3030.348, 2581.755, 517.714, 1408.398, 2423.353, 3477.107, 2251.966, 3230.736, 1201.212, 2043.567, 2504.112, 2238.292, 3607.605, 2691.089, 2851.972, 2240.046, 2043.821, 1870.540, 654.523, 1645.721, 3163.106, 3118.106, 631.205, 2774.611, 1874.610, 983.736, 2952.602, 839.658, 2214.431, 1744.882, 390.109, 2448.777, 2669.629, 1515.330, 2278.553, 1798.466, 1678.578, 2395.731, 1172.207, 2222.017, 1782.048, 2260.117, 5034.811, 556.105, 970.442],
    [1861.532, 1724.954, 1828.316, 1922.430, 4175.928, 2454.612, 4353.357, 3593.581, 3541.662, 2185.503, 3545.839, 4106.897, 2710.356, 1208.337, 2182.716, 0.000, 438.722, 1289.414, 771.050, 1914.021, 3076.222, 333.171, 3163.457, 2336.010, 577.529, 864.406, 2371.047, 2950.083, 3448.805, 1011.265, 1430.778, 4139.060, 1690.842, 1296.797, 2481.176, 5410.896, 1357.941, 3676.456, 2371.999, 1029.649, 750.816, 2586.334, 5072.851, 3907.557, 1393.938, 2913.977, 522.995, 1871.704, 2069.655, 3257.376, 466.913, 1843.406, 244.201, 583.739, 5628.284, 3806.104, 2840.164, 4220.382, 1679.087, 1435.730, 1462.886, 2319.294, 2465.309, 2072.923, 2590.186, 1124.591, 2771.000, 2442.768, 1738.084, 1533.276, 1081.729, 1233.150, 2802.868, 2340.697, 1537.446, 761.693, 3110.662, 3263.571, 1679.512, 2582.370, 3263.585, 3026.035, 1153.045, 1945.296, 1904.538, 1772.749, 1909.193, 3173.517, 1440.750, 1109.757, 1881.966, 3187.441, 547.221, 2023.676, 1827.396, 2010.197, 2241.038, 2669.414, 2969.274, 2469.212, 1811.092],
    [2083.147, 1391.300, 1558.685, 1551.971, 4270.674, 2675.930, 4526.097, 3766.321, 3714.402, 2358.243, 3767.157, 4279.637, 2883.096, 1356.858, 2355.456, 438.722, 0.000, 854.236, 691.885, 2135.339, 3276.873, 250.073, 3384.775, 2536.661, 813.127, 1032.727, 2034.016, 2740.578, 3179.174, 1246.863, 1161.147, 4311.800, 1844.619, 1469.537, 2702.790, 5460.379, 1593.538, 3800.260, 2544.740, 695.995, 801.358, 2759.074, 5245.591, 3705.079, 1615.552, 3135.295, 744.610, 1602.072, 2290.973, 3478.694, 253.521, 2065.021, 304.286, 496.927, 5801.024, 3927.105, 2889.646, 4393.122, 1851.827, 1591.962, 1684.204, 2540.612, 2686.627, 2294.241, 2762.927, 1346.206, 2992.317, 2664.086, 1468.453, 1754.594, 748.074, 1103.950, 2975.608, 2562.312, 1710.186, 997.291, 3331.980, 3404.956, 1852.252, 2631.853, 3436.325, 3198.775, 847.474, 2118.037, 1821.173, 1916.444, 2081.933, 3346.258, 1073.835, 1345.355, 1704.799, 3360.181, 782.819, 2244.994, 2062.994, 2059.680, 2413.778, 2842.154, 2802.675, 2641.952, 1983.833],
    [2933.839, 616.868, 1587.523, 701.279, 4319.399, 3526.622, 4784.976, 3860.559, 4049.246, 2693.088, 4617.848, 4524.551, 3217.941, 2207.550, 2756.663, 1289.414, 854.236, 0.000, 1542.577, 2986.031, 3714.094, 1100.765, 4235.467, 2986.432, 1476.825, 1433.934, 1183.324, 3486.803, 2976.378, 1910.561, 1249.710, 4646.645, 1976.551, 1870.744, 3436.093, 5496.197, 2291.672, 3848.985, 2945.947, 415.366, 1202.565, 3052.387, 5580.435, 4451.304, 2466.244, 3985.987, 1595.302, 1312.624, 3141.665, 4329.386, 1104.213, 2853.800, 1137.144, 1347.619, 6135.869, 3975.830, 2924.478, 4727.966, 2253.034, 1727.856, 2534.896, 3391.303, 3537.319, 3144.932, 3097.771, 2196.898, 3843.009, 3514.778, 870.164, 2605.286, 370.755, 930.221, 3255.329, 3295.614, 2111.393, 1695.424, 4182.672, 3453.681, 2253.459, 2680.578, 3771.169, 3533.619, 489.081, 2452.881, 1541.262, 2048.375, 2483.140, 3591.171, 223.143, 2043.489, 1422.656, 3695.025, 1284.004, 3095.686, 2659.811, 2108.405, 2589.409, 3014.393, 3552.015, 2976.796, 2318.677],
    [1712.589, 1657.272, 1369.886, 2240.311, 4892.841, 2213.485, 5092.252, 4332.476, 4280.558, 2924.399, 3304.712, 4845.792, 3449.252, 778.147, 2921.612, 771.050, 691.885, 1542.577, 0.000, 1618.907, 3815.118, 456.270, 2922.330, 3074.906, 1316.425, 1603.302, 2722.356, 2306.460, 2990.376, 1750.161, 972.348, 4877.956, 2429.737, 2035.692, 2387.736, 6082.545, 1787.854, 4415.352, 3110.895, 1152.726, 1423.525, 3325.229, 5811.746, 3263.934, 1202.079, 2618.863, 544.959, 1413.274, 1828.529, 3016.249, 459.934, 2037.787, 771.904, 198.502, 6367.180, 4544.999, 3511.813, 4959.278, 2417.983, 2174.626, 1221.760, 2024.180, 2224.182, 1777.809, 3329.082, 1318.972, 2529.873, 2201.641, 1395.794, 1238.162, 1204.805, 1792.291, 3541.763, 2247.258, 2276.341, 1500.588, 2815.548, 4002.466, 2418.407, 3254.020, 4002.480, 3764.931, 1146.065, 2684.192, 2498.959, 2511.644, 2648.089, 3912.413, 1762.176, 1836.164, 2393.140, 3926.336, 1286.116, 1782.549, 2566.291, 2681.847, 2979.933, 3408.309, 2325.652, 3208.107, 2549.988],
    [1198.674, 3215.143, 2648.210, 3683.766, 5222.801, 1655.918, 5380.465, 4620.689, 4568.770, 3212.611, 2454.382, 5134.005, 3737.464, 1056.145, 3071.835, 1914.021, 2135.339, 2986.031, 1618.907, 0.000, 3593.639, 1888.810, 2033.768, 2857.584, 1887.398, 2217.885, 4165.811, 3261.836, 4268.700, 1780.909, 2582.917, 5166.168, 3034.453, 2323.905, 1873.821, 6656.412, 1588.164, 4703.564, 3261.118, 2604.131, 2225.413, 3613.442, 6099.959, 4219.310, 705.160, 1007.863, 1423.293, 2767.591, 1270.961, 2253.889, 1948.734, 1713.421, 2154.678, 1686.595, 6655.392, 4833.212, 4397.979, 5247.490, 2679.838, 2783.758, 664.192, 455.772, 1666.615, 317.828, 3617.295, 1161.313, 1972.305, 1644.074, 3011.157, 384.290, 2656.210, 3075.509, 3829.976, 1733.343, 2538.197, 1680.340, 1204.548, 4538.053, 2706.620, 4140.185, 4290.693, 3791.828, 2634.865, 2972.405, 3557.554, 3120.777, 2888.679, 4200.626, 3205.630, 1650.134, 3621.676, 4214.549, 2056.950, 1224.982, 2336.831, 3568.012, 3268.146, 3696.522, 2956.557, 3425.092, 2838.201],
    [2426.913, 4311.740, 4743.827, 3981.701, 4018.065, 2641.834, 2543.042, 3659.288, 2245.923, 1339.064, 2506.975, 2879.953, 1792.802, 4281.015, 960.974, 3076.222, 3276.873, 3714.094, 3815.118, 3593.639, 0.000, 3373.306, 2688.062, 743.756, 2577.876, 2349.989, 3713.935, 5909.125, 6364.317, 2148.862, 4346.289, 2123.939, 2203.582, 1937.487, 2099.299, 5498.175, 2126.991, 3742.163, 805.809, 3779.346, 2515.072, 2401.476, 3057.729, 6866.600, 2951.364, 3884.306, 3365.436, 4787.215, 2892.927, 2513.039, 3425.956, 1955.587, 3046.757, 3620.160, 3613.163, 3879.404, 3572.802, 2410.067, 1475.144, 2116.114, 2945.157, 3998.911, 2652.532, 3752.540, 1722.298, 2596.534, 2581.628, 2656.383, 4565.036, 3212.893, 3805.741, 2947.762, 2578.712, 2073.987, 1611.953, 2400.165, 3563.672, 3660.560, 1522.476, 3317.065, 2395.696, 541.711, 3906.370, 1466.176, 2922.147, 2292.157, 1305.679, 2988.660, 3627.060, 2117.665, 2986.269, 2319.552, 2595.369, 2917.535, 1322.506, 2765.331, 2325.362, 2802.571, 5928.317, 1036.454, 1599.183],
    [1836.618, 1405.552, 1498.689, 1798.499, 4451.029, 2429.401, 4650.440, 3890.664, 3838.746, 2482.587, 3520.628, 4403.980, 3007.440, 1120.118, 2479.800, 333.171, 250.073, 1100.765, 456.270, 1888.810, 3373.306, 0.000, 3138.246, 2633.094, 874.613, 1161.490, 2280.544, 2620.456, 3119.178, 1308.349, 1101.151, 4436.144, 1987.925, 1593.880, 2456.261, 5640.734, 1567.233, 3973.540, 2669.083, 718.864, 981.713, 2883.417, 5369.934, 3577.930, 1369.023, 2888.766, 498.081, 1542.077, 2044.445, 3232.165, 137.286, 1818.492, 330.093, 261.312, 5925.368, 4103.188, 3070.001, 4517.466, 1976.171, 1732.814, 1437.675, 2294.083, 2440.098, 2047.712, 2887.270, 1099.677, 2745.789, 2417.557, 1408.457, 1508.065, 770.944, 1350.479, 3099.951, 2315.783, 1834.529, 1058.776, 3085.451, 3560.654, 1976.595, 2812.208, 3560.668, 3323.119, 823.418, 2242.380, 2057.147, 2069.832, 2206.277, 3470.601, 1320.364, 1406.841, 1951.328, 3484.524, 844.304, 1998.465, 2124.479, 2240.035, 2538.121, 2966.497, 2639.648, 2766.295, 2108.176],
    [1428.533, 4518.566, 4288.672, 4769.919, 5635.828, 803.323, 5193.439, 5219.659, 4575.637, 3248.632, 601.383, 5173.834, 3741.240, 3057.485, 2896.569, 3163.457, 3384.775, 4235.467, 2922.330, 2033.768, 2688.062, 3138.246, 0.000, 2431.167, 2913.488, 3128.383, 5109.044, 5168.000, 5909.162, 2488.063, 3891.135, 4630.557, 3759.133, 3055.758, 1084.773, 7115.938, 2014.585, 5302.535, 2999.382, 3853.567, 3176.252, 4019.239, 5564.348, 6125.475, 1918.323, 1261.406, 2658.146, 4332.060, 1359.873, 313.390, 3252.157, 1547.470, 3338.341, 2990.018, 6119.781, 5439.775, 5133.173, 5039.334, 2831.340, 3511.224, 1704.115, 1632.614, 814.020, 1973.570, 3631.865, 2167.345, 692.487, 825.093, 4314.580, 1984.017, 3905.646, 4080.639, 4235.773, 1195.219, 2715.565, 2691.748, 915.880, 5220.932, 2860.367, 4877.437, 4305.263, 3226.229, 3938.289, 3214.121, 4317.256, 3847.708, 2755.912, 4606.422, 4288.239, 2262.658, 4381.378, 4229.119, 3120.208, 1405.852, 1939.525, 4324.843, 3884.874, 4362.943, 4862.721, 3249.826, 3173.680],
    [1690.858, 3584.078, 4003.615, 3386.712, 3909.354, 1918.306, 2860.009, 3548.005, 2562.890, 1249.150, 2438.785, 3174.352, 1741.758, 3540.803, 680.182, 2336.010, 2536.661, 2986.432, 3074.906, 2857.584, 743.756, 2633.094, 2431.167, 0.000, 1837.664, 1627.961, 3437.389, 5168.913, 5624.105, 1408.650, 3606.078, 2440.906, 2087.478, 1402.449, 1379.971, 5389.463, 1390.936, 3630.880, 621.572, 3039.134, 1793.044, 2292.765, 3374.697, 6126.388, 2215.309, 3160.778, 2629.382, 4047.003, 2156.872, 2444.849, 2685.744, 1219.532, 2306.545, 2879.948, 3930.130, 3768.121, 3461.519, 2727.035, 907.583, 1839.569, 2209.102, 3262.857, 1929.003, 3016.485, 1632.383, 1860.479, 1957.114, 1932.854, 3837.374, 2476.839, 3065.529, 2671.217, 2474.993, 1354.658, 971.331, 1659.953, 2840.144, 3549.277, 1062.377, 3205.782, 2305.781, 941.945, 3166.159, 1270.829, 2645.602, 2176.054, 809.146, 2879.948, 2905.032, 1377.453, 2709.724, 2229.637, 1855.157, 2181.480, 589.097, 2653.188, 2213.219, 2691.288, 5188.105, 1129.559, 1401.613],
    [1628.856, 2074.471, 2288.665, 1956.536, 3702.555, 2258.187, 3879.984, 3120.208, 3068.289, 1712.130, 3295.869, 3633.524, 2236.983, 1782.322, 1709.343, 577.529, 813.127, 1476.825, 1316.425, 1887.398, 2577.876, 874.613, 2913.488, 1837.664, 0.000, 391.033, 2405.153, 3410.432, 3909.155, 437.280, 1891.127, 3665.687, 1217.468, 823.424, 2048.043, 5007.356, 903.622, 3203.083, 1898.626, 1429.562, 380.472, 2112.961, 4599.477, 4367.907, 1200.463, 2887.354, 959.827, 2332.053, 2015.473, 3007.407, 927.263, 1465.751, 548.064, 1121.467, 5154.911, 3332.731, 2553.037, 3747.009, 1205.714, 962.357, 1408.704, 2292.670, 2268.885, 2046.299, 2116.813, 816.278, 2521.030, 2255.210, 2198.433, 1506.652, 1479.113, 1267.256, 2329.495, 1907.565, 1064.073, 229.318, 3084.039, 2790.198, 1206.139, 2295.244, 2790.211, 2552.662, 1579.743, 1471.923, 1712.613, 1299.376, 1435.820, 2700.144, 1474.856, 655.439, 1776.735, 2714.067, 212.009, 1969.494, 1373.078, 1723.071, 1767.665, 2196.041, 3429.624, 1995.838, 1337.719],
    [1944.182, 2031.580, 2467.329, 1828.580, 3385.771, 2473.083, 3563.199, 2803.423, 2751.504, 1395.346, 3510.765, 3316.739, 1920.199, 2069.199, 1392.559, 864.406, 1032.727, 1433.934, 1603.302, 2217.885, 2349.989, 1161.490, 3128.383, 1627.961, 391.033, 0.000, 2168.803, 3697.310, 4087.819, 749.062, 2069.791, 3348.903, 829.979, 506.639, 2242.832, 4619.867, 1217.774, 2886.299, 1581.842, 1502.847, 237.691, 1796.176, 4282.693, 4654.784, 1529.360, 3217.841, 1253.060, 2510.717, 2344.261, 3222.303, 1214.140, 1665.597, 834.941, 1408.344, 4838.127, 3015.946, 2217.440, 3430.225, 888.930, 574.868, 1739.191, 2623.157, 2483.780, 2376.786, 1800.029, 1145.175, 2735.926, 2470.106, 2284.876, 1837.139, 1529.243, 1139.300, 2012.710, 2102.354, 747.288, 556.380, 3394.920, 2402.708, 889.354, 1959.646, 2473.427, 2235.878, 1629.872, 1155.139, 1377.015, 911.886, 1119.036, 2383.360, 1346.900, 970.085, 1441.137, 2397.283, 360.269, 2298.282, 1456.703, 1387.473, 1450.880, 1879.256, 3716.501, 1679.054, 1020.935],
    [4002.636, 1796.648, 2767.302, 786.697, 3941.876, 4453.743, 4407.453, 3483.035, 3743.082, 2566.596, 5491.426, 4147.027, 2960.970, 3387.330, 3006.218, 2371.047, 2034.016, 1183.324, 2722.356, 4165.811, 3713.935, 2280.544, 5109.044, 3437.389, 2405.153, 2168.803, 0.000, 4666.583, 4156.158, 2838.714, 2429.490, 4488.520, 1850.059, 2061.511, 4223.492, 5118.674, 3281.087, 3471.461, 3095.224, 1595.146, 2045.828, 2674.863, 5422.310, 5631.084, 3600.327, 5165.767, 2775.082, 2492.404, 4321.445, 5202.963, 2283.992, 3646.258, 2197.108, 2527.399, 5977.744, 3598.307, 2546.954, 4355.320, 2552.886, 1601.364, 3714.676, 4571.083, 4464.441, 4324.712, 2840.291, 3216.142, 4716.586, 4450.766, 2049.943, 3785.065, 1550.535, 1160.290, 2877.805, 4083.014, 2509.039, 2630.927, 5362.452, 3076.157, 2378.557, 2303.054, 3463.574, 3407.128, 1668.861, 2326.389, 1150.625, 1921.883, 2648.484, 3213.647, 968.223, 3055.304, 1032.018, 3363.663, 2212.332, 4275.466, 3437.364, 1730.881, 2211.885, 2636.870, 4731.795, 2850.304, 2192.185],
    [4015.505, 3282.885, 2056.030, 4184.538, 6986.849, 4516.401, 7186.260, 6426.484, 6374.565, 5018.406, 5588.614, 6939.800, 5543.259, 2265.860, 5015.619, 2950.083, 2740.578, 3486.803, 2306.460, 3261.836, 5909.125, 2620.456, 5168.000, 5168.913, 3410.432, 3697.310, 4666.583, 0.000, 3038.026, 3844.169, 2377.060, 6971.963, 4523.745, 4129.700, 4690.652, 8176.553, 4063.142, 6509.359, 5204.903, 3177.033, 3517.533, 5419.237, 7905.754, 996.851, 3504.995, 4126.518, 2820.248, 2339.052, 4131.445, 5319.166, 2533.507, 4313.076, 2865.912, 2453.393, 8461.187, 6639.007, 5605.821, 7053.285, 4511.990, 4268.633, 3524.676, 3538.931, 4527.099, 3263.165, 5423.090, 3594.261, 4832.789, 4504.558, 2838.063, 3290.536, 3208.964, 3840.984, 5635.771, 4550.174, 4370.349, 3594.596, 4338.780, 6096.474, 4512.415, 5348.027, 6096.488, 5858.938, 3083.166, 4778.200, 4558.207, 4605.652, 4742.096, 6006.421, 3706.402, 3942.661, 4441.833, 6020.344, 3380.124, 4085.465, 4660.299, 4775.854, 5073.941, 5502.317, 402.962, 5302.115, 4643.996],
    [4699.420, 2462.039, 1673.333, 3674.113, 7190.583, 5200.317, 7581.188, 6731.742, 6769.494, 5413.335, 6291.544, 7334.729, 5938.188, 3299.910, 5410.548, 3448.805, 3179.174, 2976.378, 2990.376, 4268.700, 6364.317, 3119.178, 5909.162, 5624.105, 3909.155, 4087.819, 4156.158, 3038.026, 0.000, 4342.891, 2098.701, 7366.892, 4828.987, 4524.629, 5374.567, 8367.381, 4682.868, 6720.169, 5599.831, 2763.714, 3856.450, 5814.166, 8300.682, 4002.527, 4188.911, 5228.557, 3491.746, 1667.297, 4815.360, 6003.081, 3000.612, 4934.126, 3364.635, 3100.816, 8856.116, 6847.014, 5795.661, 7448.214, 4906.919, 4580.293, 4208.591, 4640.971, 5211.014, 4343.691, 5818.018, 4215.311, 5516.704, 5188.473, 2284.664, 4162.619, 2736.804, 3771.938, 6030.700, 5234.089, 4765.278, 4093.318, 5440.820, 6324.865, 4907.343, 5551.762, 6491.416, 6253.867, 2611.005, 5173.128, 4412.446, 4900.812, 5137.025, 6401.349, 3195.977, 4441.383, 4296.072, 6415.272, 3878.847, 4769.381, 5159.021, 4979.589, 5460.593, 5885.577, 3103.238, 5697.043, 5038.924],
    [1203.431, 2508.207, 2722.401, 2390.098, 3602.923, 1832.762, 3757.102, 2997.326, 2945.407, 1589.249, 2870.445, 3510.642, 2114.102, 2216.058, 1424.598, 1011.265, 1246.863, 1910.561, 1750.161, 1780.909, 2148.862, 1308.349, 2488.063, 1408.650, 437.280, 749.062, 2838.714, 3844.169, 4342.891, 0.000, 2324.864, 3542.806, 1530.971, 826.511, 1621.553, 5083.033, 477.132, 3080.201, 1613.882, 1863.298, 796.430, 1990.079, 4476.596, 4801.643, 1079.293, 2780.865, 1371.949, 2765.789, 1603.510, 2581.982, 1360.999, 1039.260, 981.800, 1555.203, 5032.029, 3264.460, 2908.701, 3624.127, 942.517, 1283.062, 1230.434, 2186.181, 1843.460, 1939.810, 1993.932, 623.605, 2095.605, 1829.785, 2632.169, 1400.163, 1912.849, 1700.818, 2206.613, 1481.075, 800.876, 283.539, 2754.600, 2996.462, 970.372, 2652.011, 2667.330, 2283.050, 2013.479, 1322.397, 2089.095, 1619.547, 1151.358, 2577.263, 1908.418, 228.949, 2153.217, 2591.186, 642.547, 1557.531, 946.587, 2097.923, 1657.954, 2137.517, 3863.360, 1777.855, 1188.193],
    [2681.393, 1066.855, 478.211, 1947.445, 5243.069, 3182.289, 5563.161, 4784.228, 4751.466, 3395.308, 4273.516, 5316.701, 3920.161, 1614.127, 3392.521, 1430.778, 1161.147, 1249.710, 972.348, 2582.917, 4346.289, 1101.151, 3891.135, 3606.078, 1891.127, 2069.791, 2429.490, 2377.060, 2098.701, 2324.864, 0.000, 5348.865, 2861.984, 2506.601, 3356.540, 6419.867, 2664.840, 4772.654, 3581.804, 940.519, 1838.423, 3796.138, 6282.655, 3341.561, 2170.883, 3542.774, 1473.719, 522.391, 2797.333, 3985.054, 982.584, 2916.099, 1346.607, 1082.789, 6838.089, 4899.500, 3848.147, 5430.186, 2888.891, 2613.290, 2190.564, 2955.187, 3192.987, 2657.908, 3799.991, 2197.284, 3498.677, 3170.446, 626.597, 2206.966, 927.106, 1843.527, 4012.672, 3216.062, 2747.250, 2075.291, 3755.037, 4377.350, 2889.316, 3604.247, 4473.389, 4235.840, 801.307, 3155.101, 2484.035, 2933.809, 3118.998, 4383.322, 1469.309, 2423.356, 2367.662, 4397.245, 1860.819, 2751.353, 3140.994, 3032.074, 3450.842, 3879.218, 2442.272, 3679.016, 3020.897],
    [4099.876, 5244.291, 5746.403, 4787.919, 2862.711, 4346.635, 1115.651, 2506.368, 931.669, 1963.769, 4449.470, 1530.098, 1697.868, 5343.853, 2405.214, 4139.060, 4311.800, 4646.645, 4877.956, 5166.168, 2123.939, 4436.144, 4630.557, 2440.906, 3665.687, 3348.903, 4488.520, 6971.963, 7366.892, 3542.806, 5348.865, 0.000, 2824.421, 2860.973, 3804.100, 4342.821, 3744.008, 2589.243, 2217.969, 4781.921, 3513.986, 2022.562, 1164.102, 7929.438, 4464.552, 5589.107, 4527.714, 5789.791, 4565.890, 4455.534, 4488.794, 3628.550, 4109.595, 4682.998, 1719.536, 2725.832, 2584.352, 961.546, 2697.629, 2922.333, 4618.120, 5571.441, 4357.332, 5325.070, 1746.293, 4080.367, 4381.243, 4361.183, 5497.586, 4785.423, 4808.316, 3753.981, 1806.028, 3778.787, 2839.270, 3602.065, 5268.472, 2507.640, 2672.597, 2513.491, 1211.177, 1600.832, 4908.946, 2314.847, 3361.769, 2848.810, 2475.936, 1833.305, 4490.984, 3634.110, 3478.811, 1311.088, 3634.923, 4590.498, 3019.656, 2855.703, 2374.699, 2048.584, 6991.155, 1990.645, 2438.647],
    [2652.725, 2574.197, 3259.522, 2117.825, 2570.184, 3103.832, 2913.740, 2041.522, 2227.022, 868.061, 4141.515, 2653.315, 1395.717, 2895.634, 1656.307, 1690.842, 1844.619, 1976.551, 2429.737, 3034.453, 2203.582, 1987.925, 3759.133, 2087.478, 1217.468, 829.979, 1850.059, 4523.745, 4828.987, 1530.971, 2861.984, 2824.421, 0.000, 718.271, 2873.581, 3800.100, 1931.176, 2099.770, 1745.313, 2124.643, 1064.126, 1171.416, 3758.211, 5481.219, 2337.016, 4034.409, 2079.496, 3176.941, 3057.664, 3853.052, 2040.575, 2296.347, 1661.377, 2234.779, 4313.645, 2226.615, 1402.227, 2861.607, 1202.975, 259.547, 2551.224, 3439.726, 3114.530, 3193.354, 1275.547, 1952.831, 3366.675, 3100.855, 2827.492, 2653.708, 2150.075, 1083.887, 1375.487, 2733.103, 1159.128, 1369.979, 4025.670, 1582.941, 1028.646, 1144.433, 1948.945, 1896.775, 2250.705, 833.747, 1058.271, 92.119, 1298.573, 1719.935, 1820.889, 1744.876, 1122.393, 1865.733, 1186.704, 3011.685, 2087.453, 572.740, 707.309, 1134.552, 4542.936, 1237.975, 702.914],
    [1949.350, 2468.390, 2904.139, 2265.390, 2902.440, 2400.458, 3075.270, 2315.494, 2263.575, 907.416, 3438.140, 2828.810, 1432.269, 2501.589, 983.412, 1296.797, 1469.537, 1870.744, 2035.692, 2323.905, 1937.487, 1593.880, 3055.758, 1402.449, 823.424, 506.639, 2061.511, 4129.700, 4524.629, 826.511, 2506.601, 2860.973, 718.271, 0.000, 2170.207, 4336.051, 1227.801, 2386.006, 1135.222, 1939.657, 671.723, 1308.247, 3794.764, 5087.174, 1633.807, 3323.861, 1685.451, 2947.527, 2354.289, 3149.677, 1646.530, 1592.972, 1267.332, 1840.735, 4350.197, 2512.851, 2110.148, 2942.295, 501.761, 467.576, 1836.497, 2729.177, 2411.155, 2482.806, 1312.100, 1238.103, 2663.301, 2397.480, 2721.686, 1943.160, 1966.053, 1295.339, 1524.781, 2029.728, 457.339, 759.802, 3322.295, 2217.692, 418.555, 1852.355, 1985.498, 1747.948, 2066.682, 667.210, 1269.724, 804.595, 688.482, 1895.430, 1783.710, 1041.501, 1333.846, 1909.354, 792.659, 2308.310, 1384.078, 1280.182, 947.785, 1376.161, 4148.892, 1191.125, 533.006],
    [707.095, 3858.270, 3754.078, 3884.368, 4750.277, 811.297, 4223.203, 4334.108, 3690.085, 2363.080, 1400.134, 4288.282, 2855.688, 2609.156, 2011.018, 2481.176, 2702.790, 3436.093, 2387.736, 1873.821, 2099.299, 2456.261, 1084.773, 1379.971, 2048.043, 2242.832, 4223.492, 4690.652, 5374.567, 1621.553, 3356.540, 3804.100, 2873.581, 2170.207, 0.000, 6230.386, 1193.699, 4416.983, 1984.766, 3171.582, 2290.700, 3133.687, 4737.890, 5648.126, 1231.546, 1949.221, 2046.651, 3797.466, 1077.296, 1111.671, 2590.004, 661.919, 2472.896, 2455.424, 5293.323, 4554.224, 4247.622, 4090.228, 1945.788, 2625.672, 1225.339, 2279.093, 821.994, 2032.722, 2746.313, 1360.128, 581.180, 828.599, 3779.986, 1493.075, 3223.661, 3195.087, 3350.221, 159.970, 1830.013, 1826.304, 1603.695, 4335.380, 1974.816, 3991.885, 3419.712, 2305.139, 3276.135, 2328.569, 3431.705, 2962.157, 1870.361, 3720.871, 3402.688, 1412.316, 3495.827, 3343.568, 2254.763, 1101.904, 888.328, 3439.291, 2999.322, 3477.391, 4551.829, 2364.275, 2288.128],
    [6009.530, 6093.843, 6817.405, 5623.907, 1483.654, 6460.637, 3761.776, 2100.096, 3420.493, 4162.655, 7498.319, 3366.797, 3824.038, 6615.688, 4958.292, 5410.896, 5460.379, 5496.197, 6082.545, 6656.412, 5498.175, 5640.734, 7115.938, 5389.463, 5007.356, 4619.867, 5118.674, 8176.553, 8367.381, 5083.033, 6419.867, 4342.821, 3800.100, 4336.051, 6230.386, 0.000, 5287.981, 2038.944, 5040.556, 5663.036, 4752.944, 3100.243, 5482.762, 9134.027, 5954.796, 7656.368, 5862.228, 6715.335, 6414.469, 7209.857, 5693.383, 5653.152, 5314.185, 5887.588, 5600.899, 1874.850, 2696.952, 3713.796, 4504.960, 4049.435, 6169.004, 7061.685, 6471.334, 6815.313, 3801.105, 5570.610, 6723.480, 6457.660, 6347.139, 6275.667, 5686.253, 4641.769, 2931.987, 6089.908, 4461.113, 5016.879, 7382.475, 2288.553, 4330.631, 2973.864, 3142.133, 5109.755, 5786.883, 4128.340, 3991.923, 3718.348, 4600.558, 2546.753, 5331.389, 5174.337, 4108.965, 3209.892, 4939.326, 6368.489, 5444.258, 3404.243, 3477.494, 2987.056, 8195.745, 4532.569, 3997.580],
    [729.953, 2889.318, 3062.378, 2854.870, 3807.871, 1359.284, 3958.305, 3391.703, 3146.610, 1790.451, 2396.967, 3711.845, 2315.304, 2193.642, 1574.669, 1357.941, 1593.538, 2291.672, 1787.854, 1588.164, 2126.991, 1567.233, 2014.585, 1390.936, 903.622, 1217.774, 3281.087, 4063.142, 4682.868, 477.132, 2664.840, 3744.008, 1931.176, 1227.801, 1193.699, 5287.981, 0.000, 3474.578, 1763.952, 2209.973, 1265.642, 2202.800, 4677.799, 5020.617, 900.629, 2588.120, 1246.438, 3105.766, 1130.032, 2108.504, 1700.976, 566.165, 1328.476, 1697.699, 5233.232, 3611.819, 3305.216, 3825.330, 1099.226, 1683.267, 942.540, 1993.436, 1369.982, 1747.065, 2195.135, 477.007, 1622.127, 1356.307, 2972.146, 1207.419, 2259.524, 2165.590, 2407.816, 1053.221, 957.585, 681.883, 2281.122, 3392.975, 1127.081, 3049.480, 2868.533, 2325.181, 2360.154, 1479.927, 2489.300, 2019.751, 1308.066, 2778.466, 2373.190, 252.227, 2553.422, 2792.389, 1110.343, 1084.053, 870.184, 2496.886, 2056.917, 2534.986, 4051.127, 1927.926, 1345.723],
    [4196.127, 4446.631, 5170.192, 3976.694, 558.834, 4647.234, 2008.890, 86.419, 1666.916, 2406.643, 5684.916, 1727.246, 2068.026, 4881.249, 3199.709, 3676.456, 3800.260, 3848.985, 4415.352, 4703.564, 3742.163, 3973.540, 5302.535, 3630.880, 3203.083, 2886.299, 3471.461, 6509.359, 6720.169, 3080.201, 4772.654, 2589.243, 2099.770, 2386.006, 4416.983, 2038.944, 3474.578, 0.000, 3284.544, 4015.824, 3051.382, 1344.231, 3729.185, 7466.834, 4001.948, 5703.520, 4065.110, 5068.123, 4601.066, 5396.454, 4026.190, 3839.749, 3646.991, 4220.394, 4018.193, 209.526, 1036.834, 1960.218, 2746.377, 2349.105, 4216.156, 5108.837, 4657.932, 4862.466, 2045.093, 3617.763, 4910.077, 4644.257, 4699.927, 4322.819, 4039.041, 2994.557, 1177.771, 4276.505, 2702.529, 3139.461, 5569.072, 520.372, 2572.048, 1313.745, 1388.555, 3353.743, 4139.670, 2372.328, 2344.711, 2018.018, 2841.974, 793.866, 3684.177, 3288.277, 2461.753, 1455.676, 3172.318, 4555.086, 3630.855, 1744.124, 1481.968, 1035.236, 6528.551, 2776.557, 2241.568],
    [2094.392, 3543.593, 3979.342, 3340.593, 3560.446, 2430.552, 2637.072, 3201.668, 2169.580, 881.445, 2818.295, 2793.878, 1335.183, 3576.792, 202.779, 2371.999, 2544.740, 2945.947, 3110.895, 3261.118, 805.809, 2669.083, 2999.382, 621.572, 1898.626, 1581.842, 3095.224, 5204.903, 5599.831, 1613.882, 3581.804, 2217.969, 1745.313, 1135.222, 1984.766, 5040.556, 1763.952, 3284.544, 0.000, 3014.860, 1746.925, 1943.857, 3151.759, 6162.377, 2618.843, 3673.024, 2760.654, 4022.730, 2560.406, 2824.359, 2721.733, 1623.067, 2342.535, 2915.937, 3707.192, 3421.784, 3115.182, 2504.097, 706.997, 1497.404, 2612.636, 3666.391, 2441.250, 3420.020, 1264.678, 2232.850, 2561.909, 2427.575, 3796.889, 2880.373, 3041.255, 2329.052, 2121.093, 1959.453, 843.806, 1835.005, 3352.390, 3202.941, 720.211, 2859.446, 1938.077, 796.490, 3141.885, 928.664, 2303.437, 1833.888, 503.414, 2531.040, 2858.913, 1704.613, 2367.559, 1861.933, 1867.862, 2585.014, 1200.322, 2307.712, 1867.743, 2344.952, 5224.094, 511.531, 1059.448],
