# Extracted from: /Users/abdurahmanal-essa/vrptheo/instances/200-Nodes/RioClaroPostToy_200_2.vrp
# 200 delivery nodes + 1 depot = 201 total
# node 0 = depot, nodes 1..200 = delivery nodes

dist_matrix = [
    [0.000, 3430.854, 2070.166, 2045.915, 1147.041, 1506.221, 334.635, 2797.399, 2200.006, 3797.502, 2605.250, 3125.774, 2077.337, 829.912, 423.667, 3149.033, 5263.787, 2583.772, 3547.669, 259.343, 3262.634, 4409.104, 1016.487, 2187.889, 2248.258, 1449.362, 1659.538, 1547.014, 3451.317, 1465.699, 1348.451, 3346.358, 3619.893, 3111.044, 2809.201, 1351.047, 1262.582, 1505.612, 2688.304, 2168.007, 3094.169, 4298.928, 1706.339, 2921.910, 1440.847, 2099.365, 2995.913, 2620.387, 1637.023, 1659.452, 1687.241, 603.776, 4311.970, 1229.005, 4281.686, 907.234, 2621.391, 721.554, 1648.184, 1008.388, 3840.924, 4159.175, 3911.510, 1982.897, 2510.804, 3290.699, 632.571, 338.248, 2392.143, 3526.459, 1043.923, 1986.085, 5654.274, 2094.266, 4997.302, 3554.418, 6010.875, 2987.281, 1927.411, 3036.340, 3616.563, 2103.407, 2745.597, 4234.621, 1274.726, 3506.398, 940.146, 1729.680, 506.594, 2787.332, 2811.728, 2328.284, 4048.133, 2430.508, 1671.738, 3470.081, 3992.963, 1778.173, 2234.398, 1310.137, 2481.096, 5246.515, 3029.134, 6264.765, 3044.355, 815.596, 3087.382, 1688.517, 2952.019, 2469.163, 3443.451, 3739.027, 3080.423, 4413.659, 3234.865, 1429.232, 528.464, 2265.237, 818.576, 5646.006, 1802.631, 1970.773, 1159.043, 2546.484, 890.699, 3998.831, 1273.763, 1501.011, 3142.399, 3117.617, 1648.741, 4269.425, 1609.163, 1848.602, 2934.743, 3292.038, 423.589, 218.230, 997.150, 1486.307, 3940.116, 2363.567, 3378.090, 1563.369, 2421.732, 1276.570, 3515.150, 4378.339, 2315.628, 2108.203, 2589.671, 3312.955, 2054.810, 2986.698, 3234.735, 391.362, 2001.410, 2924.402, 1942.631, 1318.638, 891.504, 2424.375, 806.380, 2081.021, 1697.370, 2346.054, 3821.310, 1217.067, 2189.155, 2499.100, 3835.028, 3810.913, 2072.931, 3563.152, 1953.546, 3182.375, 1766.105, 1711.750, 2910.417, 1626.599, 1545.219, 2163.297, 1588.107, 4482.963, 1844.651, 2227.531, 2556.178, 2401.491, 1841.142, 3965.652, 2198.258, 3422.611, 1042.991, 3651.984, 1620.984, 3647.444, 3656.097, 6032.531, 3188.927, 3061.045, 3127.530],
    [3430.854, 0.000, 1914.324, 4254.613, 3163.756, 2934.195, 3364.595, 3809.298, 2578.934, 5941.683, 4196.186, 3152.485, 3261.633, 2850.005, 3453.628, 2057.327, 6600.430, 2592.098, 4802.614, 3448.062, 1790.806, 1979.494, 3051.446, 2568.395, 3417.534, 2966.883, 3905.114, 3402.927, 1417.571, 2344.625, 2921.285, 737.634, 4874.838, 661.488, 1017.700, 3238.758, 2788.006, 4785.554, 3512.990, 3402.337, 4256.528, 5519.252, 3282.935, 2846.466, 2674.632, 3810.511, 4116.588, 1132.645, 3492.936, 1864.460, 3588.041, 4027.389, 3408.121, 2280.044, 3693.034, 2673.855, 1407.163, 2959.134, 4930.445, 4258.304, 5177.567, 4220.356, 4653.380, 2623.505, 996.722, 3324.925, 2889.459, 3233.286, 4098.345, 4781.403, 2635.994, 2248.984, 6962.740, 3815.610, 6129.354, 127.108, 6233.148, 2370.984, 4136.108, 730.466, 4953.207, 4451.223, 819.555, 3755.909, 4134.075, 4580.182, 2494.410, 4571.702, 3930.207, 1064.952, 4137.341, 3966.168, 3444.837, 3987.908, 2893.871, 701.439, 5329.607, 3291.773, 4468.758, 2694.229, 2444.237, 2816.906, 3677.766, 7421.376, 1206.970, 2864.321, 1014.109, 4456.765, 3376.256, 2731.509, 4690.692, 3130.843, 4338.458, 5750.302, 4571.508, 2673.598, 3477.147, 4387.234, 4034.843, 3216.396, 4443.322, 2635.629, 3435.269, 1523.936, 2986.701, 5155.442, 2258.700, 3709.708, 3169.110, 4258.764, 3857.438, 3919.809, 4891.424, 4621.793, 1887.320, 2251.061, 3136.827, 3641.196, 2580.225, 3695.004, 5276.760, 2887.015, 1308.362, 3772.066, 2282.431, 3343.797, 3029.108, 4016.194, 1238.235, 1608.584, 3847.707, 1612.650, 3348.408, 3507.068, 979.719, 3459.201, 2716.446, 3723.156, 2881.884, 2585.022, 4173.765, 3565.522, 2805.279, 2181.246, 2540.900, 2576.494, 3304.375, 3425.764, 2037.691, 1571.320, 4696.154, 5014.305, 3603.600, 3156.448, 2717.411, 3824.526, 1831.980, 3353.178, 3428.743, 2586.915, 3664.824, 3804.726, 4870.368, 4004.251, 2074.260, 2695.015, 2817.391, 4478.546, 1666.164, 1536.043, 1786.232, 4759.254, 3319.217, 1578.712, 4713.439, 4984.088, 4607.955, 7189.142, 1033.670, 3968.776, 1041.643],
    [2070.166, 1914.324, 0.000, 3150.770, 1296.759, 1023.415, 2171.689, 1964.881, 670.469, 4036.537, 2351.769, 1609.744, 1417.216, 1255.322, 2260.722, 2526.474, 4756.013, 2445.921, 2958.197, 2255.156, 1322.165, 3488.017, 1184.449, 1994.589, 1573.117, 1056.103, 2038.117, 1492.147, 1390.310, 620.000, 2094.556, 2425.271, 3030.421, 1837.914, 1888.115, 1327.978, 877.227, 3331.447, 1738.447, 1557.920, 2412.111, 3764.765, 1372.155, 1220.518, 1819.342, 1899.731, 2272.171, 1685.946, 1582.156, 978.966, 1677.261, 2428.866, 3735.882, 1242.057, 2415.917, 1217.203, 1735.404, 1365.865, 3474.018, 2855.422, 3333.150, 2677.614, 2961.653, 712.725, 1315.872, 1782.183, 1622.434, 1781.700, 2187.565, 2936.986, 1047.105, 1789.444, 5146.500, 1904.830, 4374.867, 2037.888, 4703.313, 1121.511, 3032.266, 1906.892, 3108.790, 2584.226, 1221.270, 2373.681, 2267.077, 2777.828, 1227.757, 3467.859, 2332.429, 1852.890, 2292.924, 2055.388, 2182.364, 2143.491, 983.092, 2548.995, 3485.190, 1380.993, 3364.915, 783.449, 645.651, 4325.429, 1958.915, 5666.890, 983.347, 1265.722, 1026.374, 3352.922, 1754.149, 1064.572, 2846.275, 1873.258, 2494.041, 3905.885, 2727.091, 762.818, 1737.987, 2482.088, 2332.555, 4724.919, 2576.324, 724.849, 1568.271, 1844.168, 1247.294, 3400.955, 925.316, 2605.865, 1626.368, 2414.347, 2753.596, 2436.550, 3434.997, 2754.796, 873.736, 1426.269, 1943.921, 2107.331, 1170.133, 2591.161, 3432.343, 1173.870, 1317.082, 2668.223, 452.285, 2379.742, 1649.381, 4099.763, 1308.257, 698.186, 2003.290, 1309.837, 1503.991, 1822.474, 2313.649, 1875.089, 805.667, 1974.545, 2115.233, 756.956, 2717.339, 1721.105, 1326.064, 271.583, 1861.057, 941.463, 1955.541, 2321.921, 1766.754, 1828.344, 2961.573, 3221.441, 1759.183, 1702.212, 806.631, 2112.654, 768.127, 1442.399, 1743.539, 676.135, 1797.827, 1893.946, 3413.942, 2622.024, 568.983, 853.812, 1151.587, 2567.766, 1056.867, 3044.566, 131.636, 2914.837, 1452.220, 1590.977, 3446.819, 3139.671, 2853.469, 5434.656, 2267.841, 2187.589, 2206.444],
    [2045.915, 4254.613, 3150.770, 0.000, 3161.008, 3357.967, 1865.805, 4386.189, 3416.522, 5584.237, 4526.031, 4360.884, 3838.524, 2173.112, 1954.837, 3098.093, 7177.321, 2332.433, 5379.505, 1949.271, 4415.100, 4742.346, 3041.391, 1936.550, 3994.424, 3301.938, 3492.108, 3560.981, 4441.747, 2571.482, 1385.236, 3818.206, 5451.728, 3842.587, 3460.659, 3365.014, 3103.177, 1053.753, 4159.755, 3979.227, 4833.418, 6186.073, 3720.306, 4117.104, 1694.253, 4020.146, 4693.479, 3351.931, 3650.990, 2469.372, 3701.208, 2217.948, 4227.088, 2111.278, 5475.632, 1988.496, 3088.581, 2227.579, 1825.583, 1526.493, 5754.458, 5429.945, 5382.960, 3204.693, 3264.363, 4533.324, 1628.574, 2179.273, 4312.924, 5358.294, 2163.835, 2044.648, 7567.807, 4015.047, 6796.175, 4214.343, 7450.730, 4181.227, 308.036, 3739.383, 5530.097, 3854.253, 3645.030, 5433.397, 3107.296, 5199.135, 1961.632, 772.498, 2159.600, 3508.143, 4714.232, 4342.251, 5242.080, 4444.475, 3378.042, 3954.112, 5906.497, 3767.562, 276.970, 3011.582, 3676.153, 5579.757, 4380.223, 8088.197, 4053.341, 2184.978, 4038.286, 791.718, 4206.448, 3698.132, 5267.582, 4932.974, 4915.349, 6327.193, 5148.399, 3047.187, 2542.431, 4092.766, 2508.576, 5979.248, 3347.093, 3192.569, 3145.951, 2847.912, 2798.369, 5822.263, 2231.256, 1204.270, 4377.509, 4835.654, 1352.000, 5496.266, 1642.047, 3145.562, 3966.670, 4485.985, 1638.037, 2232.197, 2040.443, 1189.566, 5853.650, 3601.155, 4332.538, 1266.628, 3594.458, 1067.996, 4709.097, 4127.001, 3069.188, 3007.637, 4424.597, 4402.772, 3925.298, 4243.782, 3576.121, 2405.329, 3226.974, 4395.852, 1691.293, 2685.120, 2004.234, 4142.412, 2119.920, 3164.199, 1762.046, 3575.023, 5015.257, 1048.098, 2317.581, 2800.529, 5382.880, 5642.748, 4086.898, 4761.927, 3227.938, 4533.962, 2665.836, 3725.717, 4164.847, 3038.255, 3470.877, 4177.264, 1558.449, 5681.739, 2868.988, 3461.800, 3785.147, 4314.622, 2594.701, 4298.894, 3241.007, 5336.144, 2996.515, 4602.888, 1138.859, 5560.978, 5274.776, 7855.963, 3522.169, 4608.897, 3460.772],
    [1147.041, 3163.756, 1296.759, 3161.008, 0.000, 524.127, 1449.727, 1820.375, 1348.805, 2905.919, 1492.755, 2274.573, 1104.978, 1128.107, 1538.760, 3683.800, 4120.290, 3497.792, 2404.173, 1331.739, 2411.433, 4721.238, 249.116, 3046.460, 1175.187, 481.499, 869.350, 452.455, 2683.524, 1265.047, 2463.544, 3658.492, 2476.396, 3087.346, 3121.336, 219.068, 423.076, 2215.580, 1837.103, 1090.404, 2004.613, 3155.431, 562.842, 2070.709, 2552.307, 1025.586, 2009.976, 2919.167, 542.464, 2030.837, 637.569, 1312.999, 4853.940, 1994.651, 3430.485, 1312.723, 2968.625, 1023.261, 2358.152, 1739.556, 2697.427, 3307.974, 3060.309, 1131.696, 2549.093, 2439.497, 1719.532, 1064.973, 1316.964, 2382.962, 1328.731, 2841.315, 4510.777, 1030.685, 3853.805, 3287.320, 5159.674, 2136.079, 3041.250, 3156.325, 2473.067, 1415.459, 2454.491, 3383.420, 1098.528, 2520.462, 1638.382, 2439.648, 1216.562, 3086.111, 1668.232, 1184.787, 3196.932, 1287.011, 820.537, 3782.215, 2849.467, 678.462, 2944.366, 536.730, 1629.895, 5558.650, 2177.933, 5121.269, 2276.562, 1113.791, 2319.589, 2398.485, 2100.818, 1617.962, 2311.472, 2887.826, 1936.926, 3270.162, 2091.368, 655.824, 622.121, 1351.470, 1206.941, 5958.140, 1407.775, 1119.572, 361.360, 3033.052, 467.810, 2855.334, 1704.576, 2616.103, 2291.198, 2131.681, 2763.834, 3418.224, 2319.131, 1586.247, 2166.951, 2440.837, 1538.681, 991.464, 1451.759, 2601.400, 2796.619, 1512.366, 2610.297, 2678.461, 1570.531, 2391.663, 2663.949, 5217.821, 2517.995, 1899.055, 1446.174, 2461.754, 1068.874, 2135.497, 3546.870, 759.223, 1150.209, 2073.201, 3004.598, 699.022, 1601.472, 1438.438, 1174.133, 1273.609, 2753.557, 1494.853, 2970.109, 2332.159, 2884.813, 2985.669, 2983.827, 2667.416, 929.434, 2711.951, 1102.345, 2331.174, 1819.999, 568.253, 2059.216, 775.398, 629.060, 1019.800, 2298.075, 3631.762, 1486.050, 1376.330, 1704.977, 1455.332, 2174.925, 4277.787, 1424.851, 2279.114, 283.670, 2884.192, 2330.952, 2503.948, 2670.160, 4889.034, 3501.062, 2209.844, 3439.665],
    [1506.221, 2934.195, 1023.415, 3357.967, 524.127, 0.000, 1690.150, 1310.060, 924.231, 3016.666, 1436.228, 1849.999, 589.998, 1235.411, 1779.183, 3529.601, 4063.763, 3343.594, 2291.790, 1710.012, 1986.858, 4507.889, 542.709, 2892.262, 878.581, 84.669, 1257.369, 472.276, 2310.525, 1248.287, 2660.502, 3445.143, 2364.014, 2857.785, 2907.986, 320.121, 283.430, 2689.707, 1412.529, 798.330, 1745.704, 3098.904, 441.765, 1646.135, 2612.813, 969.058, 1617.350, 2705.817, 562.285, 1876.639, 657.390, 1787.126, 4699.742, 1942.876, 3005.910, 1400.583, 2755.276, 1133.931, 2832.279, 2213.683, 2640.900, 2883.400, 2635.734, 707.122, 2335.744, 2014.923, 1841.374, 1254.002, 1260.437, 2270.579, 1405.330, 2687.117, 4454.249, 974.157, 3733.719, 3057.759, 4730.527, 1711.505, 3239.463, 2926.763, 2416.539, 1693.786, 2241.142, 2958.845, 1580.928, 2123.006, 1699.044, 2913.775, 1690.690, 2872.761, 1611.704, 1128.260, 2772.358, 1230.484, 391.389, 3568.866, 2792.939, 463.486, 3418.493, 349.929, 1205.321, 5345.300, 1753.359, 5001.182, 2003.218, 1221.095, 2046.245, 2872.612, 1676.243, 1193.388, 2179.868, 2463.252, 1827.634, 3213.635, 2034.841, 314.828, 1096.248, 1462.217, 1689.342, 5744.791, 1890.175, 694.998, 881.942, 2864.040, 669.191, 2735.247, 1626.135, 2813.062, 1866.623, 1747.940, 2960.793, 2993.649, 2793.258, 2068.647, 1795.361, 2016.263, 1739.017, 1465.592, 1528.358, 2798.358, 2740.092, 1087.791, 2336.953, 2875.420, 1145.957, 2588.621, 2239.375, 5063.623, 2328.128, 1718.057, 1336.883, 2037.180, 685.133, 1710.922, 3333.520, 1233.350, 725.635, 1648.626, 2950.228, 712.329, 2075.599, 1054.698, 1281.437, 849.034, 2699.187, 1070.278, 2545.535, 2529.118, 2730.614, 2831.470, 2554.680, 2555.034, 872.907, 2287.376, 677.770, 1906.600, 1665.801, 511.726, 1634.642, 366.772, 848.878, 963.273, 2772.202, 3207.188, 1331.851, 951.755, 1280.403, 1566.079, 2020.726, 4064.437, 1151.507, 2222.587, 766.071, 2610.848, 2805.080, 2447.420, 2209.972, 4768.948, 3287.712, 1780.696, 3226.315],
    [334.635, 3364.595, 2171.689, 1865.805, 1449.727, 1690.150, 0.000, 2957.061, 2352.548, 4100.189, 2907.937, 3278.316, 2236.999, 977.594, 100.440, 3012.576, 5566.473, 2406.565, 3850.356, 223.056, 3415.175, 4272.646, 1336.934, 2010.682, 2484.803, 1609.024, 1962.224, 1849.700, 3497.743, 1599.919, 1168.340, 3209.900, 3922.580, 2974.586, 2672.743, 1653.734, 1410.264, 1435.023, 2840.846, 2404.551, 3351.925, 4601.614, 2009.026, 3074.452, 1263.640, 2402.052, 3232.457, 2483.930, 1939.709, 1525.367, 1989.928, 774.259, 4175.512, 1132.197, 4434.227, 1006.656, 2484.933, 869.236, 1614.069, 907.773, 4143.611, 4311.717, 4064.051, 2135.439, 2374.346, 3443.240, 648.296, 475.991, 2694.829, 3829.145, 1182.548, 1808.878, 5956.960, 2396.953, 5299.989, 3488.159, 6163.417, 3139.822, 1747.300, 2899.882, 3919.250, 2406.093, 2701.026, 4387.162, 1577.413, 3742.943, 990.069, 1659.091, 677.077, 2650.874, 3114.415, 2630.970, 4200.675, 2733.194, 1824.279, 3333.623, 4295.650, 2065.348, 2079.950, 1457.819, 2633.638, 5110.057, 3181.676, 6567.452, 3109.336, 963.278, 3094.281, 1617.928, 3104.560, 2621.705, 3746.138, 3891.569, 3383.109, 4716.345, 3537.551, 1576.913, 831.151, 2567.924, 1121.263, 5509.548, 2105.317, 2123.315, 1461.729, 2410.026, 1100.427, 4301.517, 1252.175, 1320.900, 3294.940, 3354.161, 1468.630, 4421.966, 1575.048, 2082.172, 3022.666, 3444.580, 270.476, 520.917, 1060.165, 1306.196, 4242.803, 2516.108, 3388.533, 1383.258, 2574.274, 1096.459, 3667.692, 4201.132, 2179.170, 2063.632, 2892.357, 3458.767, 2291.355, 3139.239, 3098.278, 694.049, 2153.952, 3076.943, 1765.425, 1466.320, 862.334, 2660.919, 916.371, 2185.118, 1520.163, 2498.595, 3973.852, 1036.956, 2052.697, 2362.643, 3987.569, 4113.600, 2375.618, 3715.693, 2106.087, 3334.917, 1721.831, 2014.436, 3062.959, 1779.141, 1847.906, 2465.983, 1553.992, 4635.505, 1924.983, 2380.072, 2708.720, 2704.178, 1704.684, 3829.195, 2297.003, 3725.297, 1345.678, 3658.884, 1550.395, 3950.131, 3856.974, 6335.218, 3052.470, 3213.586, 2991.072],
    [2797.399, 3809.298, 1964.881, 4386.189, 1820.375, 1310.060, 2957.061, 0.000, 1471.219, 4117.607, 1618.355, 681.619, 723.606, 2321.077, 3046.094, 4471.067, 3159.899, 4285.060, 1087.408, 3001.191, 2100.730, 5449.355, 1833.888, 3833.728, 651.521, 1351.581, 2517.721, 1629.081, 2476.597, 2189.753, 3638.272, 4386.609, 1159.632, 3732.888, 3849.452, 1616.368, 1550.342, 3980.886, 321.965, 735.798, 513.673, 1829.226, 1289.907, 1070.315, 3554.279, 1788.652, 325.307, 3647.283, 1603.049, 2818.105, 1698.154, 3078.305, 5641.208, 2884.342, 2140.327, 2401.237, 3696.742, 2276.684, 4123.458, 3504.861, 1518.801, 1664.019, 1416.353, 1341.775, 3277.210, 796.528, 2842.028, 2520.913, 1622.292, 1066.197, 2346.796, 3628.583, 3272.715, 1793.751, 2463.887, 3932.862, 3458.328, 1472.513, 4267.685, 3801.867, 1512.676, 2837.715, 3182.608, 1768.335, 2879.339, 830.964, 2640.510, 4204.954, 2981.868, 3814.227, 769.190, 1481.175, 1906.774, 1410.077, 1170.143, 4507.193, 1669.196, 1145.457, 4600.334, 1536.603, 1499.841, 6286.766, 534.471, 3731.351, 2718.210, 2306.761, 2886.213, 4163.791, 473.796, 1165.093, 975.486, 1595.896, 631.145, 2309.771, 939.814, 1501.502, 2387.427, 2343.781, 2981.995, 6686.257, 3090.456, 1329.651, 2178.190, 3805.506, 1960.369, 1465.416, 2567.601, 3841.284, 664.994, 484.341, 3989.015, 1774.269, 4084.437, 3307.821, 1961.433, 1614.884, 2881.770, 2756.770, 2469.824, 3826.580, 1836.229, 1007.923, 2584.096, 3903.642, 1758.285, 3616.843, 1373.791, 6005.088, 3269.594, 2659.523, 647.987, 2203.251, 755.044, 492.528, 4274.986, 2524.529, 1192.529, 429.738, 3891.694, 1797.995, 3366.778, 385.480, 2367.103, 1790.500, 3640.653, 1236.348, 1679.951, 3557.340, 3672.080, 3772.936, 1282.481, 1324.279, 1150.184, 1096.866, 1170.614, 687.219, 2607.266, 1331.319, 416.247, 1476.985, 2054.524, 1533.386, 4063.381, 2016.678, 2273.317, 1246.275, 1105.483, 2077.891, 2962.192, 5005.903, 2092.973, 1126.904, 2064.482, 2923.069, 4096.258, 1352.394, 917.930, 3499.116, 4229.178, 508.497, 4167.781],
    [2200.006, 2578.934, 670.469, 3416.522, 1348.805, 924.231, 2352.548, 1471.219, 0.000, 3818.482, 1858.107, 959.424, 923.554, 1474.969, 2441.581, 3180.480, 4262.351, 2994.473, 2464.535, 2403.798, 1071.954, 4152.627, 1236.495, 2543.141, 1079.454, 956.919, 2090.164, 1326.336, 1395.621, 899.167, 2387.794, 3089.881, 2536.759, 2502.524, 2552.725, 1228.793, 952.949, 3383.493, 1244.785, 1064.257, 1918.449, 3271.103, 970.466, 732.478, 2303.802, 1498.042, 1778.509, 2350.556, 1300.304, 1527.518, 1395.410, 2480.912, 4350.621, 1593.756, 2091.006, 1436.850, 2400.014, 1561.952, 3526.065, 2907.469, 2839.488, 2022.663, 2459.719, 220.653, 1980.482, 1131.864, 1852.638, 1916.400, 1718.945, 2443.324, 1277.310, 2337.996, 4652.837, 1503.141, 3881.205, 2702.498, 4210.097, 796.601, 3298.018, 2571.502, 2615.127, 2538.590, 1885.880, 2048.770, 2319.124, 2284.165, 1458.591, 3607.561, 2384.475, 2517.500, 1799.262, 1586.768, 1857.453, 1649.829, 588.218, 3213.605, 2991.527, 912.373, 3630.668, 898.273, 291.526, 4990.039, 1465.253, 5173.228, 1637.234, 1468.343, 1690.984, 3566.398, 1171.153, 438.161, 2352.612, 1548.347, 2000.379, 3412.223, 2233.429, 841.691, 1790.034, 2151.663, 2384.602, 5389.529, 2628.371, 232.777, 1620.318, 2508.778, 1362.977, 2907.293, 1277.014, 2871.618, 976.049, 1920.685, 3019.348, 2111.640, 3487.044, 2806.842, 880.457, 1101.358, 2167.038, 2159.377, 1400.338, 2856.914, 2938.680, 593.667, 1503.120, 2933.976, 312.284, 2647.177, 1324.470, 4714.502, 1972.867, 1362.796, 1509.627, 1122.275, 1010.329, 1301.971, 2978.259, 1927.136, 290.147, 1480.882, 2601.108, 959.577, 2769.385, 1227.443, 1528.685, 402.953, 2350.067, 275.893, 1630.630, 2587.674, 2381.494, 2482.350, 2467.910, 2727.778, 1265.521, 1377.301, 338.011, 1618.992, 1316.680, 1040.709, 1223.036, 638.568, 1751.780, 1449.506, 3465.988, 2297.113, 982.731, 228.488, 524.043, 2157.444, 1671.606, 3709.176, 796.246, 2421.175, 1504.266, 1842.093, 3498.865, 2646.008, 2359.806, 4940.993, 2932.451, 1693.927, 2871.054],
    [3797.502, 5941.683, 4036.537, 5584.237, 2905.919, 3016.666, 4100.189, 4117.607, 3818.482, 0.000, 2848.953, 4725.905, 3405.830, 3864.307, 4189.222, 6460.615, 4922.950, 6274.608, 4385.642, 3967.689, 4862.764, 7499.165, 3102.553, 5823.275, 3469.630, 3097.792, 2232.050, 2596.775, 5186.431, 4039.073, 5114.005, 6436.419, 4287.073, 5865.273, 5899.263, 2858.577, 3201.003, 4593.515, 4250.706, 3391.256, 4299.056, 4400.492, 2863.695, 4522.041, 5206.401, 2343.067, 4307.209, 5697.094, 2521.722, 4807.653, 2426.617, 3438.010, 7630.756, 4740.062, 5881.816, 4048.923, 5746.552, 3758.817, 3983.464, 4198.725, 3766.023, 5759.306, 5511.640, 3601.373, 5327.020, 4890.829, 4398.125, 3773.556, 2635.845, 4218.629, 4074.142, 5618.131, 5313.436, 2337.968, 5574.268, 6065.247, 7556.186, 4587.411, 5444.076, 5934.252, 2948.333, 2139.794, 5232.418, 5834.751, 2562.209, 4804.346, 4383.793, 4817.583, 3481.383, 5864.038, 3665.371, 2714.809, 5648.264, 2817.033, 3240.537, 6560.142, 3940.712, 2979.314, 5347.193, 3314.657, 4081.227, 8336.577, 4629.265, 6159.809, 5016.340, 3849.991, 5059.367, 4847.147, 4552.149, 4069.294, 4575.514, 5339.158, 3971.313, 4072.822, 3558.619, 3327.950, 3276.649, 1928.216, 3307.616, 8736.067, 2392.535, 3589.249, 2700.737, 5809.868, 3241.836, 4758.260, 4452.734, 5266.565, 4742.529, 4428.913, 5414.295, 5869.555, 4005.075, 2609.901, 4671.267, 4892.169, 4189.143, 3632.562, 4197.170, 5251.861, 3622.252, 3963.697, 5293.930, 5328.923, 4046.904, 5042.124, 5115.281, 7994.636, 5295.922, 4676.982, 3697.832, 4913.086, 3369.727, 4586.828, 6324.797, 3409.684, 3601.541, 4524.532, 5708.186, 3520.833, 3761.386, 3735.671, 3910.333, 3862.156, 5462.924, 3946.184, 5421.441, 4982.621, 5661.628, 5762.484, 5380.339, 4559.034, 3017.773, 5163.282, 3553.676, 4782.506, 4596.814, 2800.400, 4510.548, 3363.946, 2314.560, 2643.717, 4030.211, 6083.094, 4262.865, 3827.661, 4156.309, 2211.689, 4951.740, 7055.714, 4164.629, 3746.365, 2846.015, 5623.970, 4779.614, 3948.841, 4954.044, 5927.575, 6278.989, 4606.356, 6217.592],
    [2605.250, 4196.186, 2351.769, 4526.031, 1492.755, 1436.228, 2907.937, 1618.355, 1858.107, 2848.953, 0.000, 2238.556, 1061.240, 2617.318, 2996.970, 4857.955, 2745.058, 4671.947, 1915.778, 2789.949, 2539.818, 5836.242, 1737.972, 4220.615, 970.378, 1517.354, 1278.992, 1301.462, 2863.485, 2576.641, 3921.753, 4773.496, 1828.816, 4119.776, 4236.340, 1288.749, 1716.114, 3560.202, 1759.926, 966.673, 1799.803, 1985.005, 998.290, 2034.803, 3941.166, 639.191, 1807.956, 4034.171, 1274.894, 3204.992, 1179.789, 2362.143, 6028.095, 3271.230, 3421.765, 2788.124, 4083.629, 2511.989, 3412.730, 3084.177, 1527.002, 3271.097, 3023.431, 1728.663, 3664.097, 2403.480, 3205.873, 2553.183, 223.029, 1590.056, 2733.683, 4015.470, 3135.544, 634.092, 3152.089, 4319.750, 5065.406, 2264.465, 4385.871, 4188.754, 1097.834, 1569.061, 3569.495, 3347.402, 1702.644, 2318.442, 3027.398, 3784.269, 2405.516, 4201.115, 889.012, 314.046, 3188.212, 211.822, 1402.420, 4894.081, 1679.041, 985.907, 4288.988, 1758.985, 1886.728, 6673.654, 2141.548, 4055.667, 3105.098, 2603.002, 3273.101, 3743.106, 2064.800, 1691.853, 2091.230, 2877.334, 1333.637, 1894.930, 920.942, 1723.884, 2080.330, 962.666, 2231.748, 7073.144, 1821.802, 1716.539, 1453.909, 4192.393, 1957.021, 2307.238, 2954.488, 4074.313, 2255.180, 1929.661, 4222.043, 3381.347, 3434.341, 2039.167, 2348.321, 2569.222, 2996.891, 2449.674, 2856.711, 4059.609, 1421.387, 1564.090, 2970.984, 4136.671, 2145.172, 3849.872, 2655.229, 6391.976, 3656.482, 3046.411, 1127.605, 2590.139, 960.585, 2099.479, 4661.874, 2217.432, 1579.417, 2036.816, 4278.582, 2102.548, 2685.518, 1236.418, 2663.344, 2177.388, 4027.541, 1623.236, 2961.389, 3790.369, 4058.968, 4159.824, 2889.559, 2108.011, 596.130, 2675.933, 1557.502, 2294.297, 2994.154, 970.738, 2023.199, 1759.423, 1067.732, 565.451, 3459.477, 3595.745, 2660.205, 1633.163, 1716.887, 665.136, 3349.080, 5392.791, 2479.861, 1108.688, 1599.187, 3309.957, 3675.574, 1333.522, 2468.140, 3823.432, 4616.066, 2115.575, 4554.669],
    [3125.774, 3152.485, 1609.744, 4360.884, 2274.573, 1849.999, 3278.316, 681.619, 959.424, 4725.905, 2238.556, 0.000, 1333.211, 2410.754, 3367.348, 4117.118, 3837.974, 3938.836, 1726.722, 3329.566, 1423.178, 4943.478, 2162.263, 3487.503, 1271.722, 1882.687, 3015.931, 2233.759, 1810.637, 1843.529, 3332.156, 3779.216, 1799.428, 3076.076, 3268.631, 2154.561, 1878.717, 4309.261, 484.559, 1355.567, 1175.614, 2376.699, 1894.072, 393.890, 3248.164, 2393.330, 973.996, 3061.932, 2207.727, 2471.880, 2302.832, 3406.680, 5294.984, 2538.118, 1462.775, 2380.111, 3261.378, 2487.720, 4451.833, 3833.236, 2158.598, 1078.301, 1515.357, 1164.463, 2841.846, 175.983, 2796.448, 2842.167, 2242.493, 1707.156, 2221.120, 3282.359, 3820.188, 2398.429, 2986.801, 3276.049, 3265.734, 794.961, 4242.380, 3145.054, 2190.751, 3446.013, 2554.179, 1144.613, 3244.891, 1437.630, 2402.953, 4533.329, 3310.243, 3217.019, 1397.739, 2101.376, 1229.222, 2030.278, 1512.400, 3850.380, 2301.263, 1750.135, 4575.030, 1824.040, 972.663, 5780.890, 528.824, 4278.824, 2061.233, 2396.438, 2220.253, 4492.166, 227.314, 668.011, 1613.851, 918.344, 1303.403, 2987.846, 1617.889, 1767.459, 2715.801, 2963.982, 3310.370, 6180.380, 3554.138, 1176.587, 2546.086, 3394.519, 2288.744, 2012.890, 2221.376, 3815.980, 20.169, 1131.047, 3963.710, 1174.104, 4412.812, 3732.610, 1342.856, 937.332, 3092.806, 3085.145, 2344.148, 3801.276, 2514.304, 775.912, 1918.136, 3878.338, 1226.081, 3591.539, 696.239, 5658.864, 2871.866, 2288.829, 1276.043, 1543.379, 1374.814, 358.127, 3706.569, 2852.904, 1141.633, 574.215, 3545.470, 1887.672, 3695.153, 1012.544, 2456.780, 1346.796, 3294.429, 792.193, 1002.399, 3532.036, 3325.856, 3418.987, 1554.098, 1871.753, 1770.385, 473.144, 1183.629, 675.584, 2261.042, 1935.997, 280.325, 1566.663, 2659.202, 2153.587, 4391.756, 1392.955, 1927.093, 910.714, 580.996, 2698.092, 2615.968, 4500.027, 1722.279, 1799.162, 2430.034, 2252.691, 4424.633, 2030.469, 1465.403, 4046.590, 3745.059, 819.835, 3670.161],
    [2077.337, 3261.633, 1417.216, 3838.524, 1104.978, 589.998, 2236.999, 723.606, 923.554, 3405.830, 1061.240, 1333.211, 0.000, 1756.284, 2326.032, 3923.402, 3509.134, 3737.395, 1711.318, 2281.129, 1605.265, 4901.690, 1113.826, 3286.063, 330.145, 631.519, 1802.324, 913.684, 1928.932, 1642.088, 3090.607, 3838.944, 1783.542, 3185.224, 3301.787, 900.972, 830.280, 3260.824, 854.582, 252.769, 1165.232, 2518.586, 573.998, 1129.459, 3006.614, 1073.255, 1030.896, 3099.618, 887.652, 2270.440, 982.758, 2358.243, 5093.543, 2336.677, 2516.420, 1853.572, 3149.077, 1655.449, 3403.396, 2784.799, 2086.272, 2365.753, 2118.087, 794.110, 2729.545, 1498.136, 2294.363, 1800.851, 1065.177, 1690.107, 1799.131, 3080.918, 3899.621, 1078.354, 3153.247, 3385.197, 4160.062, 1329.912, 3720.020, 3254.202, 1861.911, 2125.938, 2634.943, 2442.058, 2163.430, 1536.553, 2092.845, 3484.892, 2261.806, 3266.562, 1046.045, 924.060, 2282.868, 852.962, 506.172, 3959.528, 2238.311, 430.060, 3989.610, 871.446, 952.176, 5739.101, 1236.204, 4420.710, 2170.545, 1741.968, 2338.548, 3443.729, 1159.456, 693.711, 1599.396, 1971.990, 1247.162, 2659.006, 1480.212, 836.345, 1667.364, 1669.350, 2261.933, 6138.592, 2378.679, 781.986, 1462.793, 3257.841, 1240.307, 2154.776, 2019.936, 3293.619, 1349.836, 1167.468, 3441.350, 2476.002, 3364.375, 2596.045, 1413.768, 1634.670, 2260.535, 2036.708, 1922.159, 3278.916, 2185.464, 578.605, 2036.431, 3355.977, 1210.620, 3069.178, 1749.885, 5457.424, 2721.929, 2111.858, 756.411, 1655.587, 139.573, 1194.135, 3727.321, 1804.466, 644.864, 1131.472, 3344.029, 1233.202, 2646.716, 474.226, 1802.309, 1242.835, 3092.988, 688.683, 2056.045, 3009.675, 3124.415, 3225.271, 1984.214, 1974.562, 473.521, 1770.589, 622.949, 1388.953, 2059.602, 615.923, 1117.855, 871.347, 1339.127, 915.560, 3343.319, 2690.401, 1725.652, 698.610, 774.055, 1520.776, 2414.527, 4458.238, 1545.308, 1667.958, 1348.572, 2375.404, 3376.196, 1892.792, 1623.519, 4188.476, 3681.513, 1210.231, 3620.116],
    [829.912, 2850.005, 1255.322, 2173.112, 1128.107, 1235.411, 977.594, 2321.077, 1474.969, 3864.307, 2617.318, 2410.754, 1756.284, 0.000, 1066.627, 2884.611, 5112.208, 2481.509, 3314.392, 1049.553, 2542.278, 4081.086, 941.610, 2030.177, 1929.312, 1179.382, 1744.678, 1528.080, 2624.949, 639.330, 1475.648, 3018.340, 3386.616, 2659.855, 2481.183, 1332.113, 980.621, 2191.623, 2094.642, 1914.115, 2768.306, 4120.961, 1623.285, 2202.803, 1441.495, 2111.594, 2628.367, 2280.784, 1618.089, 1233.402, 1699.470, 1289.787, 4047.548, 883.839, 3561.331, 188.160, 2328.473, 125.226, 2334.195, 1715.599, 3689.346, 3446.605, 3317.848, 1257.860, 2005.868, 2576.675, 628.951, 541.446, 2404.372, 3293.182, 217.555, 1825.032, 5502.695, 2106.495, 4731.063, 2973.569, 5467.390, 2266.925, 2054.608, 2592.182, 3464.985, 2302.162, 2164.747, 3519.095, 1473.482, 3134.023, 527.570, 2415.691, 1192.605, 2447.728, 2649.120, 2309.350, 3327.778, 2411.574, 1255.108, 3142.063, 3841.385, 1645.006, 2387.258, 889.026, 1761.851, 4918.497, 2315.111, 6023.085, 2217.986, 17.860, 2261.013, 2374.528, 2237.499, 1752.901, 3202.470, 3018.672, 2850.237, 4262.080, 3083.286, 924.492, 733.977, 2309.858, 1291.673, 5317.988, 2001.386, 1245.736, 1171.272, 2280.518, 678.659, 3757.151, 597.106, 1628.208, 2427.379, 2770.542, 1775.938, 3556.855, 2295.174, 2047.358, 2108.375, 2571.683, 730.311, 898.026, 340.948, 1613.504, 3788.538, 1647.305, 2551.722, 1690.566, 1689.575, 1403.767, 2794.795, 4240.724, 1842.202, 1467.347, 2359.485, 2544.477, 1860.186, 2272.674, 2906.718, 716.031, 1280.141, 2330.740, 1893.786, 526.626, 1577.515, 2077.300, 82.918, 1268.223, 1642.745, 1629.792, 3100.955, 1344.264, 1952.360, 2233.135, 3317.768, 3577.636, 2053.997, 2847.625, 1237.284, 2468.850, 1185.256, 1692.816, 2195.898, 888.747, 1557.449, 2144.363, 2274.118, 3767.437, 1018.283, 1511.269, 1839.916, 2413.720, 1413.654, 3637.635, 1382.712, 3271.032, 1055.220, 2825.616, 2306.995, 3495.866, 3209.664, 5790.851, 2860.910, 2543.785, 2799.512],
    [423.667, 3453.628, 2260.722, 1954.837, 1538.760, 1779.183, 100.440, 3046.094, 2441.581, 4189.222, 2996.970, 3367.348, 2326.032, 1066.627, 0.000, 3101.608, 5655.506, 2495.598, 3939.389, 312.089, 3504.208, 4361.679, 1425.967, 2099.714, 2573.836, 1698.057, 2051.257, 1938.733, 3586.776, 1688.952, 1257.373, 3298.933, 4011.613, 3063.619, 2761.776, 1742.766, 1499.296, 1486.408, 2929.878, 2493.584, 3440.958, 4690.647, 2098.058, 3163.484, 1352.673, 2491.084, 3321.490, 2572.962, 2028.742, 1614.400, 2078.961, 825.644, 4264.545, 1221.230, 4523.260, 1095.689, 2573.966, 958.269, 1665.454, 959.157, 4232.644, 4400.750, 4153.084, 2224.471, 2463.379, 3532.273, 737.329, 565.024, 2783.862, 3918.178, 1271.580, 1897.911, 6045.993, 2485.986, 5389.021, 3577.192, 6252.450, 3228.855, 1836.333, 2988.915, 4008.283, 2495.126, 2790.058, 4476.195, 1666.446, 3831.976, 1079.102, 1710.475, 728.462, 2739.907, 3203.448, 2720.003, 4289.708, 2822.227, 1913.312, 3422.656, 4384.683, 2154.381, 2168.983, 1546.852, 2722.671, 5199.090, 3270.708, 6656.485, 3198.369, 1052.311, 3183.314, 1669.312, 3193.593, 2710.737, 3835.170, 3980.601, 3472.142, 4805.378, 3626.584, 1665.946, 920.183, 2656.956, 1174.426, 5598.581, 2194.350, 2212.347, 1550.762, 2499.059, 1189.459, 4390.550, 1341.207, 1409.933, 3383.973, 3443.194, 1557.663, 4510.999, 1626.433, 2133.556, 3111.698, 3533.613, 359.509, 609.950, 1149.198, 1395.229, 4331.836, 2605.141, 3477.566, 1472.291, 2663.307, 1185.492, 3756.724, 4290.165, 2268.203, 2152.665, 2981.390, 3547.800, 2380.388, 3228.272, 3187.310, 783.081, 2242.985, 3165.976, 1854.457, 1555.353, 913.719, 2749.952, 1005.403, 2274.151, 1609.195, 2587.628, 4062.884, 1125.989, 2141.730, 2451.675, 4076.602, 4202.632, 2464.650, 3804.726, 2195.120, 3423.950, 1810.864, 2103.469, 3151.992, 1868.174, 1936.939, 2555.016, 1605.377, 4724.538, 2014.016, 2469.105, 2797.753, 2793.211, 1793.717, 3918.227, 2386.035, 3814.330, 1434.710, 3747.917, 1601.780, 4039.164, 3946.007, 6424.250, 3141.502, 3302.619, 3080.105],
    [3149.033, 2057.327, 2526.474, 3098.093, 3683.800, 3529.601, 3012.576, 4471.067, 3180.480, 6460.615, 4857.955, 4117.118, 3923.402, 2884.611, 3101.608, 0.000, 7262.199, 824.583, 5464.383, 3096.043, 3213.530, 1796.508, 3485.274, 1185.184, 4079.302, 3562.289, 4345.613, 3998.333, 3020.959, 2580.246, 1959.970, 1323.237, 5536.606, 1914.256, 1416.521, 3782.880, 3383.412, 3755.195, 4244.633, 4064.105, 4918.297, 6270.951, 3878.341, 3727.892, 1835.105, 4405.917, 4778.357, 1513.448, 4088.342, 1873.601, 4183.447, 3682.565, 1357.105, 2122.285, 4845.346, 2707.731, 1130.663, 2993.010, 4443.910, 3906.284, 5839.336, 5184.988, 5467.838, 3218.911, 1675.458, 4289.557, 2562.351, 3126.994, 4693.751, 5443.172, 2670.600, 1287.670, 7652.685, 4411.016, 6881.053, 1933.763, 7210.687, 3523.296, 2979.589, 1695.245, 5614.975, 4908.036, 2269.242, 4881.055, 4250.527, 5284.013, 2360.586, 3473.940, 3585.383, 1464.005, 4799.110, 4561.574, 4597.149, 4649.677, 3489.277, 1364.906, 5991.375, 3887.179, 3323.595, 3289.635, 3153.025, 2633.919, 4465.101, 8173.076, 2733.338, 2898.927, 2617.497, 3359.002, 4260.334, 3570.758, 5352.460, 4283.155, 5000.227, 6412.071, 5233.277, 3269.004, 3511.023, 4906.165, 3935.662, 3033.410, 4778.432, 3231.035, 3772.207, 1031.541, 3222.323, 5907.141, 2320.208, 2733.187, 4133.742, 4920.533, 2880.917, 4943.924, 4260.374, 4824.403, 2968.610, 3501.805, 2784.808, 3335.316, 2547.208, 2718.483, 5938.528, 3680.055, 2911.749, 2795.545, 2894.581, 2246.978, 4156.755, 1965.178, 1514.930, 1831.832, 4509.475, 3137.645, 4010.177, 4328.660, 1081.151, 3493.077, 3311.852, 4480.730, 1437.936, 2996.203, 3821.746, 4227.290, 2839.155, 2793.396, 1579.585, 3447.648, 4456.687, 2533.343, 1109.145, 984.158, 5467.758, 5727.626, 4265.369, 4209.586, 3312.817, 4618.840, 1980.980, 3948.584, 4249.725, 3182.321, 4149.599, 4400.131, 4176.776, 5129.398, 2309.882, 3359.997, 3657.773, 5010.028, 1644.850, 1227.173, 2398.382, 5421.023, 3656.155, 3182.100, 3615.677, 5645.856, 5359.654, 7940.841, 1027.200, 4693.775, 1074.910],
    [5263.787, 6600.430, 4756.013, 7177.321, 4120.290, 4063.763, 5566.473, 3159.899, 4262.351, 4922.950, 2745.058, 3837.974, 3509.134, 5112.208, 5655.506, 7262.199, 0.000, 7076.192, 2526.463, 5448.485, 4944.062, 8240.486, 4365.507, 6624.859, 3193.109, 4137.109, 3961.716, 3928.996, 5267.729, 4980.885, 6429.403, 7177.740, 2427.894, 6524.020, 6640.584, 3916.284, 4335.870, 6242.926, 3404.903, 3272.194, 2915.087, 2144.219, 3625.824, 4003.376, 6345.411, 3380.705, 3117.135, 6438.415, 3902.964, 5609.236, 3862.513, 5044.867, 8432.340, 5675.474, 4443.524, 5192.368, 6487.873, 5067.816, 5907.295, 5766.901, 1906.845, 3771.253, 3522.457, 4132.907, 6068.341, 3889.459, 5633.159, 5181.719, 2964.542, 2359.450, 5137.927, 6419.715, 414.490, 3375.606, 2775.342, 6723.994, 5391.778, 4462.305, 7058.816, 6592.998, 2183.650, 4063.626, 5973.739, 3892.829, 4385.368, 2896.973, 5431.642, 6466.993, 5088.240, 6605.359, 2552.715, 3026.743, 4558.990, 2924.519, 3961.275, 7298.325, 2081.533, 3613.442, 6971.712, 4327.735, 4290.972, 9077.898, 3550.507, 1999.394, 5509.342, 5097.893, 5677.345, 6425.830, 3614.204, 3956.225, 2716.335, 4581.669, 2817.725, 1130.747, 2443.570, 4292.634, 4738.867, 3610.801, 4914.472, 9477.388, 4316.367, 4120.783, 4136.633, 6596.637, 4584.556, 2221.789, 5358.732, 6632.416, 3821.349, 2941.305, 6780.146, 3881.503, 5928.906, 4533.732, 4752.565, 4604.676, 5655.427, 5108.210, 5260.955, 6617.712, 1327.215, 3799.055, 5375.228, 6694.774, 4549.416, 6407.975, 4363.583, 8796.220, 6060.726, 5450.655, 2791.309, 4994.383, 3385.391, 3648.882, 7066.118, 4875.969, 3983.661, 3506.274, 6682.826, 4589.127, 5368.242, 3140.090, 5158.234, 4581.632, 6431.785, 4027.480, 4359.505, 6348.472, 6463.212, 6564.068, 3386.110, 2507.557, 3278.351, 4217.714, 3961.746, 3403.797, 5398.398, 3631.235, 3572.603, 4268.117, 3750.456, 3278.149, 5954.042, 4141.171, 5064.449, 4037.407, 3935.752, 3313.271, 5753.324, 7797.035, 4884.105, 2346.440, 4281.911, 5714.201, 6358.298, 2089.663, 2769.275, 1767.160, 7020.310, 3256.804, 6958.913],
    [2583.772, 2592.098, 2445.921, 2332.433, 3497.792, 3343.594, 2406.565, 4285.060, 2994.473, 6274.608, 4671.947, 3938.836, 3737.395, 2481.509, 2495.598, 824.583, 7076.192, 0.000, 5278.376, 2490.032, 3297.706, 2614.292, 3299.267, 454.876, 3893.295, 3376.282, 4159.605, 3812.326, 3287.753, 2355.497, 1261.831, 1858.008, 5350.599, 2311.727, 1868.159, 3596.873, 3197.405, 2989.536, 4058.626, 3878.098, 4732.289, 6084.944, 3692.334, 3609.109, 1151.825, 4219.910, 4592.350, 1821.071, 3902.335, 1470.499, 3997.440, 3076.554, 1953.578, 1662.368, 4843.797, 2304.629, 1496.081, 2589.907, 3678.250, 3300.274, 5653.329, 5013.592, 5281.831, 3032.904, 1789.791, 4111.275, 1997.089, 2659.247, 4507.743, 5257.165, 2267.498, 775.817, 7466.678, 4225.009, 6695.046, 2468.534, 7131.193, 3549.391, 2213.929, 2146.883, 5428.968, 4655.231, 2459.580, 4801.561, 3826.550, 5098.006, 1957.483, 2708.281, 2979.372, 1915.643, 4613.103, 4375.566, 4610.244, 4463.670, 3303.270, 1913.383, 5805.368, 3701.172, 2557.936, 3103.627, 3073.531, 3451.704, 4279.094, 7987.069, 2903.118, 2495.825, 2884.291, 2593.343, 4074.327, 3384.751, 5166.453, 4301.138, 4814.220, 6226.064, 5047.270, 3082.997, 3080.288, 4720.158, 3370.400, 3851.194, 4354.454, 3045.028, 3586.200, 1255.413, 3036.316, 5721.134, 1917.106, 1967.528, 3955.460, 4734.526, 2115.258, 4864.430, 3494.714, 4384.467, 3014.374, 3572.143, 2178.797, 2770.054, 2144.105, 1952.824, 5752.521, 3494.048, 3178.543, 2029.886, 2815.087, 1481.319, 4077.261, 1820.829, 1567.557, 1857.414, 4323.468, 3285.378, 3824.169, 4142.653, 1615.923, 2943.186, 3125.845, 4294.723, 644.684, 2810.196, 3215.735, 4041.283, 2436.053, 2656.204, 923.645, 3261.641, 4383.421, 1767.684, 725.081, 1208.029, 5281.751, 5541.619, 4079.362, 4130.092, 3126.809, 4432.833, 1681.337, 3762.577, 4063.718, 2996.314, 3963.592, 4214.124, 3411.117, 5049.904, 2036.974, 3173.990, 3471.766, 4824.021, 1526.341, 2048.212, 2324.628, 5235.015, 3470.148, 3448.894, 2850.017, 5459.849, 5173.647, 7754.834, 1561.972, 4507.768, 1609.682],
    [3547.669, 4802.614, 2958.197, 5379.505, 2404.173, 2291.790, 3850.356, 1087.408, 2464.535, 4385.642, 1915.778, 1726.722, 1711.318, 3314.392, 3939.389, 5464.383, 2526.463, 5278.376, 0.000, 3732.368, 3144.184, 6442.670, 2627.312, 4827.043, 1450.529, 2339.293, 3085.870, 2212.879, 3469.913, 3183.069, 4631.587, 5379.924, 103.269, 4726.204, 4842.768, 2200.166, 2538.054, 4616.209, 1399.033, 1529.615, 580.393, 852.580, 1909.707, 2117.069, 4547.595, 2336.379, 782.441, 4640.599, 2186.847, 3811.420, 2281.952, 3713.628, 6634.524, 3877.658, 2074.521, 3394.552, 4690.057, 3270.000, 4758.781, 4140.184, 623.163, 1405.233, 1156.915, 2335.091, 4270.525, 1554.283, 3835.343, 3440.720, 2135.263, 340.874, 3340.111, 4621.899, 2322.727, 2341.478, 1513.900, 4926.178, 3197.107, 2515.967, 5261.000, 4795.182, 1791.183, 3375.938, 4175.923, 1523.825, 3499.156, 428.045, 3633.826, 4840.277, 3617.191, 4807.543, 1048.825, 2019.398, 2189.987, 1948.300, 2163.459, 5500.509, 589.100, 1875.781, 5344.995, 2529.919, 2493.156, 7280.082, 1215.813, 2781.363, 3711.526, 3300.077, 3879.529, 4799.114, 1514.258, 2158.409, 219.423, 2212.665, 585.685, 1676.914, 1207.620, 2494.818, 3022.749, 2781.522, 3607.570, 7679.572, 3628.679, 2322.967, 2761.988, 4798.821, 2824.437, 515.429, 3560.916, 4834.600, 1710.098, 606.611, 4982.330, 1515.482, 4719.760, 3846.045, 2954.749, 2658.338, 3875.086, 3392.093, 3463.139, 4819.896, 1313.522, 2001.239, 3577.412, 4896.958, 2751.600, 4610.159, 2102.536, 6998.404, 4262.910, 3652.839, 970.314, 3196.567, 1610.201, 1382.313, 5268.302, 3159.851, 2185.845, 1171.580, 4885.010, 2791.311, 4002.101, 1299.853, 3360.418, 2783.816, 4633.969, 2229.664, 1990.502, 4550.656, 4665.396, 4766.252, 1021.260, 267.941, 1688.407, 1882.539, 2163.930, 1068.622, 3600.582, 1915.118, 1461.248, 2470.301, 2638.322, 2071.609, 4698.704, 1772.168, 3266.633, 2239.591, 2137.936, 2483.992, 3955.508, 5999.219, 3086.289, 1081.444, 2684.299, 3916.385, 4731.581, 911.316, 577.744, 2549.129, 5222.494, 922.110, 5161.097],
