# Extracted from: /Users/abdurahmanal-essa/vrptheo/instances/100-Nodes/RioClaroPostToy_100_2.vrp
# 100 delivery nodes + 1 depot = 101 total
# node 0 = depot, nodes 1..100 = delivery nodes

dist_matrix = [
    [0.000, 3367.054, 2449.640, 1489.812, 3034.521, 989.037, 3526.356, 1384.962, 1744.302, 2772.554, 1743.428, 3959.953, 2775.575, 3133.651, 4337.437, 4289.830, 3145.447, 3332.308, 1050.723, 3193.053, 3183.483, 1508.031, 1552.339, 2677.153, 5038.418, 2869.819, 1762.310, 2637.853, 2625.759, 1425.976, 3900.580, 3849.811, 1190.900, 962.428, 2743.133, 2197.839, 1038.769, 4594.697, 962.398, 3960.707, 2944.424, 835.586, 2521.592, 1667.108, 2440.026, 3549.375, 6244.980, 1844.374, 2993.522, 4297.773, 2637.994, 2332.548, 1845.040, 2149.478, 1582.217, 2940.394, 1862.079, 866.752, 4112.052, 3375.947, 1600.137, 2519.128, 2694.853, 3063.987, 2113.291, 3268.831, 2317.483, 1372.223, 4100.845, 3395.880, 3298.665, 3095.736, 3424.155, 2849.948, 3300.002, 1514.198, 4690.108, 2411.980, 1698.195, 2561.473, 3491.353, 4049.695, 2783.521, 3001.480, 4330.324, 2327.715, 2131.291, 4876.315, 955.337, 1563.075, 2219.709, 2063.504, 2015.949, 2295.401, 3495.703, 1733.399, 3393.836, 940.725, 343.600, 3016.094, 668.336],
    [3367.054, 0.000, 1555.207, 1997.910, 3150.492, 3133.934, 3237.497, 2077.523, 2176.389, 2291.456, 4452.819, 3410.110, 1005.237, 1414.301, 4818.744, 5358.081, 3887.023, 4605.151, 2858.662, 2124.627, 2034.732, 4726.492, 1906.240, 717.517, 6311.261, 4449.141, 4471.701, 1051.379, 768.911, 2845.639, 5040.172, 1746.167, 2384.173, 4148.545, 2115.613, 3607.380, 3916.894, 4032.596, 4180.860, 4385.287, 4127.865, 2536.965, 3352.352, 2920.112, 2418.720, 3995.305, 7337.791, 3236.377, 3590.236, 6116.291, 1424.832, 2044.710, 4487.985, 1680.532, 4798.359, 696.401, 2590.141, 3744.877, 6192.433, 1412.509, 2718.583, 1745.395, 3572.315, 3521.423, 3090.770, 1117.278, 5533.625, 2375.182, 4399.326, 2274.893, 2748.823, 2369.619, 3787.101, 1309.942, 1438.092, 3993.396, 5206.161, 4162.424, 1800.093, 1185.050, 127.843, 3661.440, 3966.962, 4209.335, 3811.303, 3405.062, 3708.920, 6149.158, 4173.798, 2357.615, 1174.961, 5279.646, 3131.211, 2248.119, 1171.852, 2106.462, 728.994, 3085.623, 3353.813, 2128.704, 3542.395],
    [2449.640, 1555.207, 0.000, 1295.482, 1914.194, 2424.689, 3286.811, 1375.096, 714.498, 1023.555, 3034.711, 2173.812, 1555.628, 757.385, 3582.445, 4052.484, 2580.679, 3209.623, 2158.042, 2483.463, 1048.255, 3718.954, 1223.599, 989.126, 4915.733, 3053.613, 3053.593, 1404.551, 942.639, 2246.927, 3696.197, 1473.545, 1406.489, 3201.682, 841.079, 2211.852, 2592.217, 2796.297, 3173.322, 3148.989, 2732.337, 1699.183, 1956.824, 1458.222, 1144.186, 2759.006, 6032.194, 1774.486, 2320.274, 4720.763, 280.028, 582.819, 3069.876, 303.706, 3793.140, 1568.623, 1128.250, 2420.200, 4736.176, 2156.000, 1256.692, 1883.988, 2206.487, 2285.125, 1695.242, 2048.885, 4528.407, 1081.843, 3163.028, 2633.729, 1512.524, 1133.320, 2550.802, 1630.001, 923.736, 2575.288, 3969.862, 2700.533, 1370.048, 539.581, 1679.506, 2425.141, 2571.434, 2813.807, 4058.473, 2009.534, 2247.029, 4753.630, 3166.260, 895.724, 615.453, 4274.427, 1735.683, 786.228, 2275.757, 729.636, 2173.890, 2376.377, 2294.171, 2380.954, 2217.718],
    [1489.812, 1997.910, 1295.482, 0.000, 2688.861, 1240.481, 2344.833, 108.394, 1379.882, 2064.959, 2991.754, 3252.358, 1454.827, 1916.646, 4426.458, 4717.868, 3246.063, 3875.008, 973.834, 1884.722, 2271.483, 2779.051, 96.011, 1308.009, 5581.117, 3718.998, 3010.635, 1317.105, 1256.615, 1062.719, 4361.581, 2565.565, 641.357, 2201.104, 2035.538, 2877.236, 2287.094, 3887.103, 2233.419, 3860.642, 3397.721, 739.465, 2622.208, 2123.606, 1967.628, 3449.309, 6697.578, 2439.870, 2985.659, 5386.148, 1483.836, 1371.461, 3093.365, 995.320, 2850.918, 1531.117, 1793.635, 2115.077, 5319.452, 2055.199, 1922.076, 1210.797, 2871.871, 2951.102, 2360.626, 1948.083, 3586.184, 968.253, 3915.679, 2087.549, 2591.071, 2388.142, 3290.612, 1529.200, 2078.312, 2762.523, 4840.130, 3365.918, 417.492, 1209.668, 2122.209, 3364.551, 3236.818, 3479.191, 3148.801, 2674.918, 2912.413, 5419.015, 2226.357, 1561.109, 850.564, 3332.205, 2401.067, 1574.870, 2174.955, 1256.765, 2073.088, 1192.169, 1724.013, 1707.763, 1912.595],
    [3034.521, 3150.492, 1914.194, 2688.861, 0.000, 3215.070, 4826.612, 2728.991, 1412.756, 931.325, 3536.183, 1202.848, 3296.812, 1778.165, 1810.330, 2224.794, 741.727, 1573.675, 3164.977, 4188.593, 1146.645, 4220.426, 2616.977, 2682.702, 3550.798, 1942.238, 3555.065, 3141.204, 2636.215, 3313.760, 1906.885, 1948.496, 2239.380, 3703.154, 1099.000, 1520.320, 3093.689, 1608.146, 3674.794, 1255.350, 1094.168, 2416.775, 516.473, 1621.876, 830.815, 861.523, 4204.504, 1489.381, 443.811, 3355.829, 1820.769, 1461.808, 3571.348, 1861.569, 4294.612, 3170.705, 1195.797, 2921.672, 4949.201, 4042.641, 1437.928, 3514.668, 481.050, 374.998, 1126.841, 3866.989, 5029.879, 1912.485, 1273.422, 4391.420, 541.561, 808.859, 649.473, 3516.642, 1763.798, 3076.760, 2197.748, 2279.119, 2909.848, 2309.175, 3274.791, 1034.658, 940.880, 1179.700, 5598.273, 1014.575, 2264.286, 3388.696, 3667.732, 1584.608, 2502.094, 4775.900, 1300.955, 1271.117, 4086.684, 1522.433, 3875.055, 3166.758, 2837.478, 4011.634, 2719.190],
    [989.037, 3133.934, 2424.689, 1240.481, 3215.070, 0.000, 2630.464, 1135.631, 1819.412, 2909.622, 2700.517, 4097.021, 2472.256, 3108.700, 4740.414, 5031.824, 3560.019, 4188.964, 393.463, 2479.055, 3320.551, 2159.545, 1307.711, 2519.709, 5895.073, 3826.908, 2643.608, 2334.535, 2468.315, 580.628, 4675.537, 3777.266, 1115.386, 1656.676, 2880.201, 3154.928, 1995.858, 4731.766, 1688.991, 4174.599, 3711.678, 840.012, 2936.165, 2411.205, 2609.331, 3763.265, 7011.534, 2726.255, 3299.615, 5254.862, 2613.042, 2368.708, 2802.129, 2124.527, 1723.529, 2637.075, 2107.591, 1823.841, 5069.141, 2809.803, 2185.087, 1820.807, 3185.827, 3276.577, 2674.583, 2703.807, 2446.827, 1420.247, 4314.737, 2654.158, 3435.734, 3232.805, 3637.402, 2246.666, 3275.051, 2471.287, 5173.852, 3369.069, 1394.877, 2421.368, 3258.233, 4209.214, 3550.774, 3793.148, 3434.432, 2988.874, 3088.380, 5732.971, 1681.929, 1715.583, 2062.264, 2192.848, 2715.023, 2411.249, 2930.679, 1784.599, 2992.380, 63.374, 1300.689, 2317.773, 1625.425],
    [3526.356, 3237.497, 3286.811, 2344.833, 4826.612, 2630.464, 0.000, 2323.377, 3517.633, 4135.464, 5223.359, 5322.863, 2533.577, 3794.490, 6564.209, 6855.619, 5383.814, 6012.759, 2530.986, 1149.675, 4179.103, 4432.898, 2252.366, 3144.691, 7718.868, 5856.749, 5183.831, 2556.007, 3108.482, 2112.522, 6499.332, 4439.638, 2872.963, 4196.898, 4098.741, 5014.987, 4518.700, 5957.608, 4229.213, 5998.393, 5535.472, 2971.071, 4759.959, 4261.357, 4081.289, 5587.060, 8835.329, 4577.621, 5123.410, 7523.899, 3439.423, 3441.966, 5324.971, 3029.225, 3996.882, 2837.657, 3931.386, 4346.683, 7457.203, 1998.535, 4059.827, 1655.283, 5009.622, 5088.854, 4498.377, 2129.238, 4720.180, 3199.859, 6053.430, 1000.775, 4661.576, 4390.983, 5428.363, 2146.966, 3956.156, 4994.129, 6955.899, 5503.669, 2121.441, 3087.512, 3113.199, 5435.056, 5374.569, 5616.942, 807.512, 4812.669, 5050.165, 7556.766, 4222.151, 3698.860, 2702.432, 4466.200, 4538.818, 3645.375, 2098.570, 3394.516, 2512.048, 2678.776, 3838.008, 1112.337, 4144.201],
    [1384.962, 2077.523, 1375.096, 108.394, 2728.991, 1135.631, 2323.377, 0.000, 1420.012, 2144.572, 3029.921, 3331.971, 1478.262, 1996.259, 4466.588, 4757.998, 3286.193, 3915.138, 868.984, 1895.741, 2351.096, 2674.201, 175.624, 1387.622, 5621.247, 3759.128, 3048.802, 1340.541, 1336.228, 957.869, 4401.711, 2645.179, 679.524, 2096.254, 2115.151, 2917.366, 2325.261, 3966.716, 2128.569, 3900.772, 3437.851, 777.632, 2662.338, 2163.736, 2007.758, 3489.439, 6737.708, 2480.000, 3025.789, 5426.278, 1563.449, 1451.074, 3131.532, 1074.933, 2746.068, 1610.730, 1833.765, 2153.244, 5359.582, 2078.634, 1962.206, 1221.815, 2912.001, 2991.232, 2400.756, 1971.519, 3481.334, 1006.420, 3955.809, 2098.567, 2670.684, 2467.755, 3330.742, 1552.635, 2157.925, 2800.690, 4880.260, 3406.048, 400.883, 1289.281, 2201.822, 3444.164, 3276.948, 3519.321, 3127.345, 2715.048, 2952.543, 5459.145, 2121.507, 1601.239, 930.177, 3227.355, 2441.197, 1654.483, 2198.391, 1296.895, 2096.524, 1087.319, 1696.614, 1718.781, 1950.762],
    [1744.302, 2176.389, 714.498, 1379.882, 1412.756, 1819.412, 3517.633, 1420.012, 0.000, 1135.660, 2323.757, 2323.059, 2180.353, 1398.508, 3141.299, 3432.710, 1960.904, 2589.849, 1811.496, 2879.614, 1546.589, 3008.000, 1307.998, 1613.851, 4295.959, 2433.839, 2342.639, 2029.276, 1567.365, 1960.278, 3076.422, 2114.669, 930.389, 2490.728, 1106.239, 1592.078, 1881.263, 2957.804, 2462.368, 2575.484, 2112.563, 1010.995, 1337.050, 838.447, 807.018, 2164.150, 5412.420, 1154.711, 1700.500, 4100.989, 902.851, 604.225, 2358.922, 552.590, 3082.186, 2193.348, 508.476, 1709.246, 4063.370, 2780.725, 636.918, 2205.689, 1586.712, 1665.944, 1075.468, 2673.610, 3817.453, 603.493, 2630.521, 3082.441, 1661.772, 1458.843, 2005.454, 2254.726, 1564.859, 1864.334, 3554.972, 2080.759, 1600.869, 1164.306, 2300.687, 2435.252, 1951.659, 2194.033, 4289.295, 1389.759, 1627.255, 4133.856, 2455.306, 200.719, 1240.179, 3563.474, 1115.909, 641.725, 2900.482, 168.952, 2798.615, 1771.100, 1588.832, 2702.655, 1506.764],
    [2772.554, 2291.456, 1023.555, 2064.959, 931.325, 2909.622, 4135.464, 2144.572, 1135.660, 0.000, 3274.216, 1190.943, 2419.029, 900.383, 2599.576, 3138.914, 1667.856, 2500.933, 2763.486, 3458.178, 414.473, 3958.459, 1993.075, 1807.135, 4228.613, 2366.493, 3293.097, 2263.421, 1760.648, 2912.268, 2821.005, 1156.234, 1853.617, 3441.187, 192.115, 1524.732, 2831.722, 1825.688, 3412.827, 2166.120, 2021.426, 2139.680, 1197.678, 1359.909, 336.072, 1776.137, 5118.624, 1236.988, 1371.068, 4033.643, 930.130, 697.042, 3309.381, 1150.412, 4032.645, 2311.669, 918.701, 2659.705, 4687.234, 3152.003, 1175.961, 2784.253, 1353.148, 1302.256, 1008.122, 2989.206, 4767.911, 1526.722, 2180.159, 3629.732, 529.656, 326.727, 1567.933, 2626.004, 906.187, 2814.793, 2986.994, 2181.555, 2218.700, 1431.392, 2415.755, 1442.273, 1867.838, 2106.957, 4907.126, 1322.414, 2002.318, 4066.510, 3405.765, 1307.512, 1611.456, 4513.932, 1048.563, 506.351, 3208.902, 1163.575, 3016.019, 2861.310, 2575.511, 3281.219, 2457.223],
    [1743.428, 4452.819, 3034.711, 2991.754, 3536.183, 2700.517, 5223.359, 3029.921, 2323.757, 3274.216, 0.000, 4461.615, 4282.906, 3718.722, 4839.099, 4306.017, 3647.109, 3027.957, 2762.203, 4763.249, 3685.145, 1448.951, 2974.538, 3869.049, 4203.189, 2155.808, 84.256, 4133.599, 3817.655, 3137.456, 3879.744, 4354.138, 2368.514, 2044.218, 3244.795, 2236.950, 708.204, 5096.360, 1307.855, 4462.369, 3155.982, 2255.833, 3023.254, 2123.156, 2941.688, 4051.037, 5622.661, 2244.331, 3495.184, 3004.998, 3223.064, 2834.211, 270.744, 2775.831, 2168.936, 4331.585, 2363.741, 880.221, 2819.277, 4883.278, 2101.799, 4089.324, 3196.516, 3565.649, 2606.012, 4776.163, 2717.423, 2384.148, 4602.508, 4966.076, 3800.327, 3597.399, 3925.817, 4357.279, 3885.073, 462.967, 5191.770, 1647.532, 3296.019, 3372.630, 4577.118, 4551.357, 3015.593, 3098.119, 6027.327, 2724.052, 1465.899, 4041.087, 1206.955, 2142.531, 3426.409, 2470.356, 2429.483, 2797.064, 5003.035, 2349.902, 4901.168, 2652.206, 1473.612, 4586.290, 1082.703],
    [3959.953, 3410.110, 2173.812, 3252.358, 1202.848, 4097.021, 5322.863, 3331.971, 2323.059, 1190.943, 4461.615, 0.000, 3556.430, 2037.784, 1439.953, 2074.932, 1299.617, 2390.470, 3950.885, 4629.722, 1406.263, 5145.858, 3180.474, 2942.320, 3949.486, 2894.967, 4480.497, 3400.823, 2895.834, 4099.667, 1757.022, 2208.114, 3041.016, 4628.586, 1358.618, 2473.049, 4019.121, 638.289, 4600.226, 1042.911, 2070.407, 3327.079, 1469.202, 2547.308, 1523.471, 864.688, 4054.642, 2424.387, 1421.993, 4388.047, 2080.387, 1884.441, 4496.780, 2337.811, 5220.044, 3430.323, 2106.100, 3847.104, 5874.633, 4302.259, 2363.360, 3971.652, 1624.671, 1362.304, 2079.570, 4126.608, 5955.311, 2714.121, 1020.536, 4779.989, 664.832, 1068.478, 999.556, 3776.261, 2023.416, 4002.192, 1827.371, 3231.848, 3406.100, 2568.793, 3534.409, 368.951, 2105.787, 2315.915, 6094.525, 1967.304, 3189.717, 3787.963, 4593.164, 2494.911, 2761.713, 5701.332, 2235.962, 1693.750, 4346.303, 2350.975, 4134.673, 4048.709, 3762.910, 4468.618, 3644.622],
    [2775.575, 1005.237, 1555.628, 1454.827, 3296.812, 2472.256, 2533.577, 1478.262, 2180.353, 2419.029, 4282.906, 3556.430, 0.000, 1589.404, 4965.063, 5504.401, 4033.342, 4675.479, 2162.761, 1420.706, 2183.284, 4064.814, 1362.360, 781.202, 6381.588, 4519.469, 4301.787, 159.151, 761.606, 2080.695, 5162.052, 2060.535, 1982.957, 3486.866, 2243.185, 3677.708, 3578.246, 4178.915, 3519.181, 4531.607, 4198.193, 2081.064, 3422.680, 2924.077, 2546.292, 4141.624, 7484.111, 3240.341, 3736.555, 6186.619, 1520.318, 2048.675, 4337.275, 1668.285, 4136.680, 379.852, 2594.106, 3406.229, 6180.186, 911.722, 2722.547, 982.477, 3672.342, 3667.743, 3161.097, 650.553, 4871.947, 2123.156, 4545.646, 1570.972, 2895.142, 2515.938, 3933.420, 390.155, 1613.225, 3842.687, 5352.480, 4166.389, 1080.923, 1024.122, 990.827, 3807.759, 4037.289, 4279.662, 3107.382, 3475.389, 3712.885, 6219.486, 3512.120, 2361.580, 956.095, 4617.968, 3201.538, 2252.084, 852.283, 2094.215, 621.806, 2423.944, 3015.165, 1424.783, 3203.747],
    [3133.651, 1414.301, 757.385, 1916.646, 1778.165, 3108.700, 3794.490, 1996.259, 1398.508, 900.383, 3718.722, 2037.784, 1589.404, 0.000, 3446.417, 3985.754, 2514.696, 3214.078, 2842.053, 2944.750, 664.638, 4402.965, 1844.762, 946.481, 4920.187, 3058.068, 3737.603, 1477.777, 899.995, 2911.605, 3667.845, 740.258, 2090.499, 3885.692, 724.539, 2216.306, 3276.228, 2660.269, 3857.332, 3012.961, 2736.791, 2383.194, 1961.278, 2051.483, 1027.646, 2622.978, 5965.465, 1928.563, 2217.909, 4725.218, 500.320, 1266.830, 3753.887, 987.717, 4477.151, 1434.514, 1610.275, 3104.210, 5378.808, 2464.731, 1867.535, 2362.835, 2199.988, 2149.097, 1699.696, 2203.562, 5212.417, 1765.854, 3027.000, 3095.016, 1376.496, 997.292, 2414.774, 1943.164, 191.248, 3259.299, 3833.834, 2873.129, 1880.135, 738.759, 1538.600, 2289.113, 2575.888, 2818.261, 4558.701, 2013.988, 2693.893, 4758.085, 3850.271, 1579.735, 1100.153, 4958.438, 1740.137, 1197.925, 2423.258, 1413.647, 2138.864, 3060.388, 2978.182, 2876.102, 2901.729],
    [4337.437, 4818.744, 3582.445, 4426.458, 1810.330, 4740.414, 6564.209, 4466.588, 3141.299, 2599.576, 4839.099, 1439.953, 4965.063, 3446.417, 0.000, 1975.361, 1226.534, 2317.387, 4802.100, 5891.195, 2814.896, 5523.342, 4354.574, 4350.953, 3874.595, 3225.653, 4857.980, 4809.456, 4304.467, 5051.356, 1682.131, 3616.747, 3976.977, 5006.070, 2767.251, 2822.376, 4396.605, 1059.414, 4977.710, 569.359, 1997.324, 4042.491, 1819.388, 2924.792, 2628.000, 980.693, 3976.289, 2792.110, 1478.666, 4433.940, 3489.020, 3130.060, 4874.264, 3583.429, 5597.528, 4838.956, 2701.517, 4224.588, 6252.117, 5710.892, 2740.844, 5217.270, 1703.518, 1478.899, 2428.897, 5535.241, 6332.794, 3650.082, 540.578, 6094.022, 2101.241, 2477.111, 1199.730, 5184.894, 3432.049, 4379.676, 446.210, 3581.175, 4647.445, 3977.426, 4943.042, 1257.303, 2032.704, 2242.832, 7335.870, 2315.378, 3567.201, 3713.071, 4970.648, 3105.773, 4170.346, 6078.815, 2603.685, 2939.368, 5754.936, 3260.030, 5543.306, 4692.102, 4140.394, 5714.236, 4022.106],
    [4289.830, 5358.081, 4052.484, 4717.868, 2224.794, 5031.824, 6855.619, 4757.998, 3432.710, 3138.914, 4306.017, 2074.932, 5504.401, 3985.754, 1975.361, 0.000, 1509.409, 1335.553, 5093.510, 6217.600, 3354.234, 5360.788, 4645.984, 4890.291, 2782.248, 2194.902, 4386.728, 5348.793, 4843.804, 5342.767, 507.629, 4156.085, 4268.388, 4843.515, 3306.589, 2297.857, 4182.102, 2313.303, 4815.155, 1599.761, 1387.003, 4333.901, 2133.264, 2857.176, 3032.836, 1370.378, 2268.434, 2555.093, 1814.333, 3341.594, 4028.358, 3596.547, 4302.288, 3890.577, 5434.974, 5378.294, 2981.332, 4010.084, 5181.345, 6118.711, 3020.659, 5543.675, 1849.541, 1866.774, 2493.180, 6011.596, 6170.240, 3941.492, 1739.900, 6420.427, 2736.219, 3016.448, 1587.604, 5592.713, 3971.387, 4008.050, 1906.544, 2706.277, 4938.855, 4502.292, 5482.380, 1844.097, 1509.853, 1486.614, 7627.281, 2091.444, 3076.819, 2620.724, 4808.094, 3397.183, 4578.165, 5916.261, 2512.397, 3444.027, 6238.468, 3551.440, 6082.644, 4983.513, 4020.013, 6040.641, 3857.338],
    [3145.447, 3887.023, 2580.679, 3246.063, 741.727, 3560.019, 5383.814, 3286.193, 1960.904, 1667.856, 3647.109, 1299.617, 4033.342, 2514.696, 1226.534, 1509.409, 0.000, 1098.025, 3621.705, 4745.795, 1883.176, 4331.352, 3174.179, 3419.232, 3045.101, 2006.291, 3665.991, 3877.735, 3372.746, 3870.961, 1191.500, 2685.027, 2796.582, 3814.080, 1835.531, 1603.015, 3204.615, 1537.988, 3785.720, 849.804, 777.962, 2862.096, 627.399, 1708.002, 1561.031, 438.472, 3489.120, 1572.749, 308.468, 3358.296, 2557.299, 2124.742, 3682.274, 2418.771, 4405.538, 3907.235, 1509.527, 3032.598, 5035.327, 4646.906, 1548.854, 4071.870, 484.157, 371.926, 1209.535, 4539.791, 5140.805, 2469.687, 989.943, 4948.622, 1278.092, 1545.390, 313.252, 4120.907, 2500.329, 3187.686, 1651.862, 2361.814, 3467.050, 3030.487, 4011.322, 939.078, 813.342, 1023.470, 6155.475, 1096.016, 2350.411, 2883.578, 3778.658, 1925.378, 3106.359, 4886.826, 1384.324, 1972.222, 4766.663, 2079.635, 4611.586, 3511.707, 2948.404, 4568.836, 2830.116],
    [3332.308, 4605.151, 3209.623, 3875.008, 1573.675, 4188.964, 6012.759, 3915.138, 2589.849, 2500.933, 3027.957, 2390.470, 4675.479, 3214.078, 2317.387, 1335.553, 1098.025, 0.000, 4250.650, 5374.740, 2716.253, 4403.266, 3803.124, 4108.977, 2254.680, 916.842, 3108.668, 4524.402, 4062.490, 4499.906, 909.280, 3518.104, 3425.527, 3885.994, 2493.082, 1188.062, 2913.442, 2628.841, 3857.634, 1940.657, 489.827, 3491.041, 1454.099, 1989.057, 2189.976, 1529.325, 3039.464, 1664.348, 1138.001, 2268.847, 3237.192, 2753.687, 3024.228, 3047.716, 4477.452, 4625.364, 2138.472, 2996.326, 4118.783, 5275.851, 2177.799, 4700.815, 1166.446, 1203.874, 1625.061, 5168.736, 5212.719, 3098.632, 2080.796, 5577.566, 2111.169, 2378.467, 1404.105, 4749.852, 3221.516, 2729.990, 2612.667, 1428.217, 4095.995, 3659.432, 4729.450, 2029.645, 649.572, 408.868, 6784.420, 1278.069, 1819.147, 2093.156, 3850.572, 2554.323, 3735.304, 4958.740, 1644.278, 2601.167, 5395.608, 2708.580, 5293.741, 4140.652, 3062.492, 5197.781, 2899.816],
    [1050.723, 2858.662, 2158.042, 973.834, 3164.977, 393.463, 2530.986, 868.984, 1811.496, 2763.486, 2762.203, 3950.885, 2162.761, 2842.053, 4802.100, 5093.510, 3621.705, 4250.650, 0.000, 2323.390, 3134.042, 2296.309, 1041.064, 2253.062, 5956.759, 3888.594, 2705.294, 2025.040, 2201.668, 427.703, 4737.223, 3510.618, 969.250, 1718.362, 2734.065, 3216.614, 2057.543, 4585.630, 1750.677, 4236.284, 3773.363, 901.698, 2997.850, 2472.891, 2490.681, 3824.951, 7073.220, 2787.941, 3361.301, 5316.548, 2346.395, 2222.572, 2863.815, 1857.880, 2113.448, 2327.580, 2169.277, 1885.526, 5130.827, 2654.138, 2246.773, 1665.142, 3247.513, 3326.744, 2736.268, 2548.142, 2836.746, 1296.146, 4376.423, 2498.493, 3289.598, 3086.669, 3699.088, 2091.001, 3008.404, 2532.972, 5235.537, 3430.755, 1085.382, 2154.721, 2982.961, 4063.078, 3612.460, 3854.833, 3334.954, 3050.560, 3150.066, 5794.657, 1743.615, 1777.268, 1795.617, 2582.767, 2776.709, 2265.113, 2775.014, 1731.814, 2781.023, 345.151, 1362.375, 2162.108, 1687.111],
    [3193.053, 2124.627, 2483.463, 1884.722, 4188.593, 2479.055, 1149.675, 1895.741, 2879.614, 3458.178, 4763.249, 4629.722, 1420.706, 2944.750, 5891.195, 6217.600, 4745.795, 5374.740, 2323.390, 0.000, 3352.776, 4304.522, 1792.255, 2198.364, 7080.849, 5218.730, 4782.130, 1499.482, 2178.768, 1984.145, 5861.313, 3416.855, 2412.852, 3904.345, 3296.989, 4376.968, 4058.589, 5252.207, 3936.660, 5360.374, 4897.453, 2510.960, 4121.940, 3623.338, 3404.003, 4949.041, 8197.310, 3939.602, 4485.391, 6885.880, 2619.690, 2764.680, 4864.861, 2351.938, 3868.506, 1724.787, 3293.367, 3886.572, 6819.184, 885.665, 3421.808, 723.449, 4371.603, 4450.834, 3860.358, 1016.367, 4591.803, 2718.623, 5415.411, 240.858, 3968.435, 3589.231, 4790.344, 1034.095, 3030.387, 4438.154, 6278.613, 4865.649, 1498.401, 2261.185, 2000.328, 4757.770, 4736.550, 4978.923, 1723.480, 4174.650, 4412.145, 6918.747, 3929.598, 3060.841, 1883.929, 4337.824, 3900.799, 2968.089, 982.934, 2756.497, 1399.177, 2485.083, 3495.508, 185.032, 3684.090],
    [3183.483, 2034.732, 1048.255, 2271.483, 1146.645, 3320.551, 4179.103, 2351.096, 1546.589, 414.473, 3685.145, 1406.263, 2183.284, 664.638, 2814.896, 3354.234, 1883.176, 2716.253, 3134.042, 3352.776, 0.000, 4369.388, 2199.599, 1566.941, 4526.813, 2777.422, 3704.026, 2027.677, 1520.455, 3222.928, 3036.325, 832.736, 2264.546, 3852.116, 447.927, 1935.661, 3242.651, 2020.786, 3823.756, 2381.440, 2236.746, 2550.608, 1412.998, 1770.838, 747.001, 1991.458, 5333.944, 1647.917, 1586.389, 4331.844, 791.191, 1107.971, 3720.310, 1279.707, 4443.574, 2054.944, 1329.630, 3070.634, 5098.163, 3014.631, 1586.890, 2764.127, 1568.468, 1517.576, 1419.051, 2753.462, 5178.840, 1937.651, 2395.479, 3503.043, 744.976, 351.261, 1783.254, 2493.064, 648.038, 3225.722, 3202.314, 2592.484, 2264.749, 1195.648, 2159.031, 1657.593, 2083.158, 2322.277, 4943.692, 1733.343, 2413.247, 4364.711, 3816.694, 1718.441, 1484.767, 4924.861, 1459.492, 917.280, 2973.157, 1574.504, 2759.295, 3272.239, 2986.440, 3261.094, 2868.152],
    [1508.031, 4726.492, 3718.954, 2779.051, 4220.426, 2159.545, 4432.898, 2674.201, 3008.000, 3958.459, 1448.951, 5145.858, 4064.814, 4402.965, 5523.342, 5360.788, 4331.352, 4403.266, 2296.309, 4304.522, 4369.388, 0.000, 2846.281, 4058.279, 5648.597, 3601.215, 1368.240, 3927.092, 4006.885, 2626.104, 4971.538, 5038.381, 2618.880, 754.956, 3929.038, 3268.797, 1733.115, 5780.603, 727.636, 5146.612, 4015.382, 2336.375, 3707.498, 2853.014, 3625.931, 4735.280, 7068.068, 3030.280, 4179.427, 4450.405, 3907.307, 3518.454, 1621.705, 3460.074, 723.529, 4229.633, 3047.984, 1561.098, 4264.684, 4665.185, 2786.042, 3808.367, 3880.759, 4249.892, 3299.196, 4558.070, 1272.016, 2736.353, 5286.751, 4479.625, 4484.571, 4281.642, 4610.060, 4139.187, 4569.316, 1837.962, 5876.013, 3092.939, 2987.434, 3925.603, 4850.791, 5235.600, 3854.479, 4072.438, 5236.866, 3513.620, 2911.306, 5486.494, 828.536, 2826.774, 3600.834, 1024.948, 3201.855, 3481.307, 4784.942, 3034.145, 4683.075, 2186.311, 1599.556, 4188.101, 1651.961],
    [1552.339, 1906.240, 1223.599, 96.011, 2616.977, 1307.711, 2252.366, 175.624, 1307.998, 1993.075, 2974.538, 3180.474, 1362.360, 1844.762, 4354.574, 4645.984, 3174.179, 3803.124, 1041.064, 1792.255, 2199.599, 2846.281, 0.000, 1236.125, 5509.233, 3647.114, 2993.419, 1224.638, 1184.731, 1128.809, 4289.697, 2493.682, 624.141, 2268.334, 1963.654, 2805.352, 2269.878, 3815.219, 2300.649, 3788.759, 3325.837, 722.249, 2550.324, 2051.722, 1895.744, 3377.425, 6625.694, 2367.986, 2913.775, 5314.264, 1411.952, 1299.577, 3076.149, 923.436, 2918.148, 1438.650, 1721.751, 2097.861, 5247.568, 1962.731, 1850.192, 1118.330, 2799.987, 2879.219, 2288.742, 1855.616, 3653.414, 951.037, 3843.795, 1995.082, 2519.187, 2316.258, 3218.728, 1436.733, 2006.428, 2745.307, 4768.247, 3294.034, 325.025, 1137.784, 2030.539, 3292.667, 3164.934, 3407.307, 3056.333, 2603.034, 2840.530, 5347.131, 2293.587, 1489.225, 778.680, 3399.435, 2329.183, 1502.986, 2082.488, 1184.881, 1980.621, 1259.399, 1706.797, 1615.296, 1895.379],
    [2677.153, 717.517, 989.126, 1308.009, 2682.702, 2519.709, 3144.691, 1387.622, 1613.851, 1807.135, 3869.049, 2942.320, 781.202, 946.481, 4350.953, 4890.291, 3419.232, 4108.977, 2253.062, 2198.364, 1566.941, 4058.279, 1236.125, 0.000, 5815.086, 3952.966, 3887.931, 755.252, 54.938, 2302.968, 4572.381, 1302.905, 1694.272, 3480.332, 1631.291, 3111.205, 3226.993, 3564.805, 3512.647, 3917.497, 3631.690, 1847.064, 2856.177, 2357.575, 1934.398, 3527.514, 6870.001, 2673.839, 3122.445, 5620.117, 939.829, 1482.172, 3904.214, 1101.783, 4130.146, 606.065, 2027.604, 3054.976, 5613.683, 1689.380, 2156.045, 1692.454, 3104.524, 3053.633, 2594.595, 1428.211, 4865.412, 1690.096, 3931.536, 2348.630, 2281.032, 1901.828, 3319.310, 1167.813, 970.302, 3409.626, 4738.371, 3599.886, 1271.498, 499.963, 841.815, 3193.649, 3470.787, 3713.160, 3866.159, 2908.887, 3146.382, 5652.984, 3505.585, 1795.077, 460.989, 4611.433, 2635.036, 1685.582, 1614.619, 1527.713, 1346.693, 2471.397, 2663.912, 2183.560, 2852.494],
    [5038.418, 6311.261, 4915.733, 5581.117, 3550.798, 5895.073, 7718.868, 5621.247, 4295.959, 4228.613, 4203.189, 3949.486, 6381.588, 4920.187, 3874.595, 2782.248, 3045.101, 2254.680, 5956.759, 7080.849, 4526.813, 5648.597, 5509.233, 5815.086, 0.000, 2269.974, 4283.901, 6230.511, 5768.600, 6206.016, 2384.819, 5308.535, 5131.637, 5520.228, 4199.192, 2894.171, 4266.574, 4187.858, 5213.277, 3498.517, 2728.067, 5197.150, 3236.658, 3695.167, 3896.085, 3244.933, 2648.799, 3370.458, 3350.025, 2525.328, 4943.302, 4459.796, 4199.461, 4753.826, 6094.161, 6331.473, 3844.581, 4349.458, 5012.130, 6981.960, 3883.908, 6406.924, 3131.503, 3413.483, 3331.170, 6874.845, 6686.372, 4804.741, 3638.656, 7283.676, 3921.729, 4189.027, 3135.941, 6455.962, 4927.626, 4063.195, 4168.092, 2781.349, 5802.104, 5365.541, 6435.560, 3718.651, 2744.106, 2533.978, 8490.530, 3011.381, 3172.279, 630.897, 5206.215, 4260.432, 5441.414, 6439.305, 3350.388, 4307.277, 7101.717, 4414.689, 6999.850, 5846.762, 4768.601, 6903.890, 4467.749],
    [2869.819, 4449.141, 3053.613, 3718.998, 1942.238, 3826.908, 5856.749, 3759.128, 2433.839, 2366.493, 2155.808, 2894.967, 4519.469, 3058.068, 3225.653, 2194.902, 2006.291, 916.842, 3888.594, 5218.730, 2777.422, 3601.215, 3647.114, 3952.966, 2269.974, 0.000, 2236.519, 4368.392, 3906.480, 4263.847, 1768.630, 3446.415, 3269.517, 3327.442, 2337.072, 1014.585, 2073.787, 3514.618, 3020.490, 2848.923, 1231.873, 3300.288, 1548.609, 1619.777, 2033.966, 2437.591, 3786.167, 1326.498, 1882.231, 2075.005, 3081.182, 2597.676, 2152.079, 2891.706, 3901.375, 4469.354, 1944.039, 2156.671, 3385.317, 5119.841, 1904.340, 4544.804, 1543.067, 1952.696, 1435.804, 5012.726, 4493.586, 2942.622, 2989.062, 5421.556, 2233.680, 2500.978, 2312.371, 4593.842, 3065.506, 1890.335, 3520.933, 541.008, 3939.985, 3503.422, 4573.440, 2937.911, 1197.133, 987.005, 6628.410, 1323.332, 1001.706, 2107.872, 3013.429, 2346.667, 3579.294, 4246.519, 1321.475, 2445.157, 5239.598, 2552.570, 5137.730, 3778.596, 2600.002, 5041.770, 2274.962],
    [1762.310, 4471.701, 3053.593, 3010.635, 3555.065, 2643.608, 5183.831, 3048.802, 2342.639, 3293.097, 84.256, 4480.497, 4301.787, 3737.603, 4857.980, 4386.728, 3665.991, 3108.668, 2705.294, 4782.130, 3704.026, 1368.240, 2993.419, 3887.931, 4283.901, 2236.519, 0.000, 4152.481, 3836.537, 3080.547, 3960.456, 4373.020, 2387.396, 1963.506, 3263.677, 2317.661, 727.085, 5115.241, 1227.143, 4481.250, 3236.694, 2274.714, 3042.136, 2180.452, 2960.570, 4069.919, 5703.372, 2318.829, 3514.065, 3085.709, 3241.946, 2853.092, 295.108, 2794.713, 2088.225, 4350.467, 2382.622, 899.102, 2899.988, 4902.159, 2120.680, 4108.205, 3215.397, 3584.531, 2633.834, 4795.044, 2636.711, 2403.030, 4621.389, 4984.957, 3819.209, 3616.280, 3944.699, 4376.161, 3903.954, 481.849, 5210.651, 1728.244, 3314.900, 3391.511, 4596.000, 4570.239, 3096.304, 3178.831, 5987.798, 2802.169, 1546.611, 4121.799, 1126.243, 2161.412, 3445.291, 2389.644, 2503.469, 2815.945, 5021.916, 2368.783, 4920.049, 2595.296, 1492.493, 4605.171, 1101.584],
    [2637.853, 1051.379, 1404.551, 1317.105, 3141.204, 2334.535, 2556.007, 1340.541, 2029.276, 2263.421, 4133.599, 3400.823, 159.151, 1477.777, 4809.456, 5348.793, 3877.735, 4524.402, 2025.040, 1499.482, 2027.677, 3927.092, 1224.638, 755.252, 6230.511, 4368.392, 4152.481, 0.000, 735.656, 1988.747, 5010.975, 2050.199, 1845.235, 3349.145, 2087.578, 3526.631, 3428.939, 4023.308, 3381.460, 4376.000, 4047.116, 1943.343, 3271.603, 2773.000, 2390.685, 3986.017, 7328.503, 3089.264, 3580.948, 6035.542, 1364.711, 1897.598, 4187.968, 1517.208, 3998.959, 389.260, 2443.029, 3256.922, 6029.109, 990.498, 2571.470, 985.691, 3521.265, 3512.135, 3010.021, 729.329, 4734.225, 1973.849, 4390.039, 1649.748, 2739.535, 2360.331, 3777.813, 468.931, 1587.275, 3693.380, 5196.873, 4015.312, 943.202, 868.514, 1146.434, 3652.152, 3886.212, 4128.586, 3129.812, 3324.312, 3561.808, 6068.409, 3374.398, 2210.503, 806.788, 4480.246, 3050.461, 2101.007, 949.024, 1943.138, 777.413, 2286.223, 2865.858, 1447.214, 3054.440],
    [2625.759, 768.911, 942.639, 1256.615, 2636.215, 2468.315, 3108.482, 1336.228, 1567.365, 1760.648, 3817.655, 2895.834, 761.606, 899.995, 4304.467, 4843.804, 3372.746, 4062.490, 2201.668, 2178.768, 1520.455, 4006.885, 1184.731, 54.938, 5768.600, 3906.480, 3836.537, 735.656, 0.000, 2251.574, 4525.895, 1349.885, 1642.877, 3428.938, 1584.805, 3064.719, 3175.599, 3518.319, 3461.253, 3871.011, 3585.204, 1795.669, 2809.691, 2311.088, 1887.912, 3481.028, 6823.514, 2627.353, 3075.959, 5573.630, 893.343, 1435.686, 3852.820, 1055.297, 4078.751, 657.459, 1981.117, 3003.582, 5567.197, 1669.784, 2109.559, 1670.845, 3058.038, 3007.146, 2548.109, 1408.615, 4814.018, 1638.702, 3885.049, 2329.034, 2234.546, 1855.342, 3272.824, 1148.217, 923.815, 3358.232, 4691.884, 3553.400, 1220.104, 448.569, 893.209, 3147.163, 3424.300, 3666.674, 3846.563, 2862.401, 3099.896, 5606.497, 3454.191, 1748.591, 409.595, 4560.039, 2588.550, 1639.095, 1596.786, 1481.226, 1366.309, 2420.003, 2612.518, 2163.964, 2801.100],
    [1425.976, 2845.639, 2246.927, 1062.719, 3313.760, 580.628, 2112.522, 957.869, 1960.278, 2912.268, 3137.456, 4099.667, 2080.695, 2911.605, 5051.356, 5342.767, 3870.961, 4499.906, 427.703, 1984.145, 3222.928, 2626.104, 1128.809, 2302.968, 6206.016, 4263.847, 3080.547, 1988.747, 2251.574, 0.000, 4986.480, 3560.525, 1118.032, 2093.615, 2882.847, 3502.135, 2432.797, 4734.412, 2125.930, 4485.541, 4022.620, 1109.799, 3247.107, 2748.504, 2639.463, 4074.207, 7322.477, 3064.769, 3610.557, 5691.801, 2435.281, 2322.906, 3239.068, 1946.765, 2190.089, 2291.288, 2418.533, 2260.780, 5506.080, 2327.421, 2546.975, 1338.425, 3496.770, 3576.001, 2985.525, 2221.425, 2913.386, 1444.928, 4540.578, 2159.249, 3438.380, 3235.451, 3915.511, 1764.284, 3073.272, 2908.226, 5465.029, 3806.008, 1115.857, 2204.628, 2896.759, 4211.860, 3861.717, 4104.090, 2916.489, 3299.817, 3525.319, 6043.913, 2118.868, 2108.738, 1845.524, 2659.407, 3025.966, 2413.895, 2448.297, 1880.596, 2509.998, 586.656, 1737.628, 1835.391, 2062.364],
    [3900.580, 5040.172, 3696.197, 4361.581, 1906.885, 4675.537, 6499.332, 4401.711, 3076.422, 2821.005, 3879.744, 1757.022, 5162.052, 3667.845, 1682.131, 507.629, 1191.500, 909.280, 4737.223, 5861.313, 3036.325, 4971.538, 4289.697, 4572.381, 2384.819, 1768.630, 3960.456, 5010.975, 4525.895, 4986.480, 0.000, 3838.176, 3912.101, 4454.266, 2979.656, 1882.507, 3765.229, 1995.394, 4425.906, 1306.053, 971.652, 3977.614, 1815.355, 2475.631, 2676.549, 1052.469, 2462.780, 2173.547, 1496.424, 2944.164, 3710.448, 3240.260, 3876.015, 3534.289, 5045.724, 5060.384, 2625.045, 3620.835, 4783.916, 5762.424, 2664.372, 5187.388, 1531.632, 1548.865, 2111.634, 5655.309, 5780.991, 3585.205, 1446.192, 6064.140, 2418.310, 2698.539, 1269.695, 5236.425, 3653.478, 3581.777, 1975.628, 2280.004, 4582.568, 4146.005, 5164.471, 1526.188, 1128.307, 1037.312, 7270.993, 1748.975, 2661.468, 2223.295, 4418.844, 3040.896, 4221.878, 5527.012, 2130.851, 3087.740, 5882.181, 3195.153, 5764.735, 4627.226, 3630.764, 5684.354, 3468.088],
    [3849.811, 1746.167, 1473.545, 2565.565, 1948.496, 3777.266, 4439.638, 2645.179, 2114.669, 1156.234, 4354.138, 2208.114, 2060.535, 740.258, 3616.747, 4156.085, 2685.027, 3518.104, 3510.618, 3416.855, 832.736, 5038.381, 2493.682, 1302.905, 5308.535, 3446.415, 4373.020, 2050.199, 1349.885, 3560.525, 3838.176, 0.000, 2806.660, 4521.109, 1112.887, 2604.654, 3911.644, 2830.600, 4492.749, 3183.291, 3038.597, 3099.354, 2214.849, 2439.831, 1415.994, 2793.308, 6135.795, 2316.910, 2388.240, 5113.566, 1216.481, 1776.964, 4389.303, 1703.877, 5112.567, 1772.762, 1998.623, 3739.627, 5767.156, 2907.659, 2255.883, 2978.627, 2370.319, 2319.427, 2088.044, 2642.000, 5847.834, 2482.014, 3197.330, 3567.122, 1546.827, 1167.623, 2585.104, 2386.304, 553.353, 3894.715, 4004.165, 3261.477, 2529.055, 1454.920, 1870.466, 2459.444, 2885.009, 3124.128, 5103.532, 2402.336, 3082.240, 5146.433, 4485.687, 2295.895, 1748.468, 5593.855, 2128.485, 1586.273, 2815.491, 2129.807, 2470.730, 3728.954, 3655.433, 3420.933, 3537.145],
    [1190.900, 2384.173, 1406.489, 641.357, 2239.380, 1115.386, 2872.963, 679.524, 930.389, 1853.617, 2368.514, 3041.016, 1982.957, 2090.499, 3976.977, 4268.388, 2796.582, 3425.527, 969.250, 2412.852, 2264.546, 2618.880, 624.141, 1694.272, 5131.637, 3269.517, 2387.396, 1845.235, 1642.877, 1118.032, 3912.101, 2806.660, 0.000, 2040.933, 1824.196, 2427.756, 1663.855, 3675.761, 2073.248, 3411.162, 2948.241, 360.810, 2172.728, 1674.125, 1524.975, 2999.828, 6248.098, 1990.390, 2536.178, 4889.064, 1594.842, 1313.819, 2470.126, 1106.326, 2690.747, 2059.248, 1344.154, 1491.837, 4703.343, 2583.329, 1472.596, 1738.927, 2422.391, 2501.622, 1911.146, 2476.214, 3426.013, 330.440, 3466.199, 2615.679, 2379.729, 2176.800, 2841.132, 2057.330, 2256.850, 2139.284, 4390.650, 2916.437, 945.622, 1518.322, 2508.471, 3153.209, 2787.338, 3029.711, 3676.931, 2225.438, 2462.933, 4969.534, 2066.186, 1107.257, 1236.827, 3172.034, 1951.587, 1356.360, 2703.086, 766.108, 2601.218, 1067.074, 1100.773, 2235.893, 1289.356],
    [962.428, 4148.545, 3201.682, 2201.104, 3703.154, 1656.676, 4196.898, 2096.254, 2490.728, 3441.187, 2044.218, 4628.586, 3486.866, 3885.692, 5006.070, 4843.515, 3814.080, 3885.994, 1718.362, 3904.345, 3852.116, 754.956, 2268.334, 3480.332, 5520.228, 3327.442, 1963.506, 3349.145, 3428.938, 2093.615, 4454.266, 4521.109, 2040.933, 0.000, 3411.766, 2751.525, 1430.523, 5263.330, 750.033, 4629.340, 3498.110, 1764.361, 3190.225, 2335.742, 3108.659, 4218.008, 6798.666, 2513.007, 3662.155, 4689.527, 3390.035, 3001.181, 2216.971, 2942.802, 727.430, 3651.686, 2530.712, 1258.506, 4503.806, 4087.238, 2268.770, 3230.419, 3363.486, 3732.620, 2781.924, 3980.123, 1462.696, 2219.081, 4769.479, 4107.171, 3967.298, 3764.369, 4092.788, 3561.239, 4052.043, 1905.952, 5358.741, 2869.603, 2409.487, 3381.991, 4272.843, 4718.328, 3337.207, 3555.166, 5000.866, 2996.348, 2594.779, 5358.126, 850.447, 2309.502, 3022.887, 1208.717, 2684.583, 2964.034, 4206.995, 2516.873, 4105.128, 1608.364, 1082.284, 3727.385, 1152.214],
    [2743.133, 2115.613, 841.079, 2035.538, 1099.000, 2880.201, 4098.741, 2115.151, 1106.239, 192.115, 3244.795, 1358.618, 2243.185, 724.539, 2767.251, 3306.589, 1835.531, 2493.082, 2734.065, 3296.989, 447.927, 3929.038, 1963.654, 1631.291, 4199.192, 2337.072, 3263.677, 2087.578, 1584.805, 2882.847, 2979.656, 1112.887, 1824.196, 3411.766, 0.000, 1495.311, 2802.301, 1981.104, 3383.406, 2333.795, 2015.796, 2110.259, 1240.283, 1330.488, 306.651, 1943.813, 5286.299, 1207.567, 1538.744, 4004.222, 747.654, 667.621, 3279.960, 1113.689, 4003.224, 2135.825, 889.280, 2630.284, 4657.813, 2969.526, 1146.540, 2697.514, 1489.946, 1469.931, 978.701, 2813.363, 4738.491, 1497.301, 2347.834, 3447.256, 697.331, 365.836, 1735.609, 2443.528, 731.978, 2785.372, 3154.669, 2152.134, 2181.977, 1252.794, 2239.912, 1609.948, 1854.893, 2097.266, 4870.403, 1292.993, 1972.897, 4037.089, 3376.344, 1278.091, 1428.980, 4484.512, 1019.142, 476.930, 3033.058, 1134.155, 2840.176, 2831.889, 2546.090, 3194.480, 2427.802],
    [2197.839, 3607.380, 2211.852, 2877.236, 1520.320, 3154.928, 5014.987, 2917.366, 1592.078, 1524.732, 2236.950, 2473.049, 3677.708, 2216.306, 2822.376, 2297.857, 1603.015, 1188.062, 3216.614, 4376.968, 1935.661, 3268.797, 2805.352, 3111.205, 2894.171, 1014.585, 2317.661, 3526.631, 3064.719, 3502.135, 1882.507, 2604.654, 2427.756, 2751.525, 1495.311, 0.000, 2090.111, 3092.700, 2723.165, 2445.646, 944.707, 2493.269, 1007.392, 864.608, 1192.204, 2034.315, 4221.655, 542.065, 1478.954, 2699.202, 2239.421, 1755.915, 2233.221, 2049.945, 3342.983, 3627.592, 1140.700, 1918.094, 3466.458, 4278.079, 1149.172, 3703.043, 1122.402, 1549.419, 555.664, 4170.964, 4078.250, 2100.860, 2585.785, 4579.795, 1811.762, 1847.915, 1909.095, 3752.081, 2223.745, 1928.722, 3117.656, 829.646, 3098.224, 2661.660, 3731.679, 2534.635, 804.318, 983.407, 5786.649, 512.776, 782.505, 2732.069, 2716.103, 1556.551, 2737.533, 3824.271, 537.041, 1603.396, 4397.836, 1710.808, 4295.969, 3106.617, 1928.023, 4200.009, 1765.347],
    [1038.769, 3916.894, 2592.217, 2287.094, 3093.689, 1995.858, 4518.700, 2325.261, 1881.263, 2831.722, 708.204, 4019.121, 3578.246, 3276.228, 4396.605, 4182.102, 3204.615, 2913.442, 2057.543, 4058.589, 3242.651, 1733.115, 2269.878, 3226.993, 4266.574, 2073.787, 727.085, 3428.939, 3175.599, 2432.797, 3765.229, 3911.644, 1663.855, 1430.523, 2802.301, 2090.111, 0.000, 4653.866, 1073.056, 4019.875, 2836.696, 1551.173, 2580.760, 1719.810, 2499.194, 3608.543, 5782.767, 1858.187, 3052.690, 3262.548, 2780.570, 2391.717, 809.815, 2333.337, 1982.113, 3626.926, 1921.247, 191.509, 3076.827, 4178.618, 1659.305, 3384.664, 2754.022, 3123.155, 2172.459, 4071.503, 2546.151, 1679.489, 4160.014, 4261.416, 3357.833, 3154.905, 3483.323, 3652.620, 3442.579, 478.973, 4749.276, 1574.729, 2591.359, 2818.973, 4041.193, 4108.863, 2675.793, 2893.752, 5322.668, 2341.528, 1341.125, 4104.471, 1065.994, 1700.037, 2769.548, 2299.084, 2042.827, 2354.570, 4298.375, 1907.408, 4196.508, 1947.546, 768.952, 3881.630, 393.991],
    [4594.697, 4032.596, 2796.297, 3887.103, 1608.146, 4731.766, 5957.608, 3966.716, 2957.804, 1825.688, 5096.360, 638.289, 4178.915, 2660.269, 1059.414, 2313.303, 1537.988, 2628.841, 4585.630, 5252.207, 2020.786, 5780.603, 3815.219, 3564.805, 4187.858, 3514.618, 5115.241, 4023.308, 3518.319, 4734.412, 1995.394, 2830.600, 3675.761, 5263.330, 1981.104, 3092.700, 4653.866, 0.000, 5234.970, 1049.993, 2308.778, 3961.823, 2088.852, 3182.053, 2158.215, 1103.060, 4293.013, 3059.132, 1660.365, 4747.203, 2702.872, 2519.186, 5131.525, 2972.555, 5854.789, 4052.808, 2740.844, 4481.848, 6509.377, 4924.744, 2998.105, 4606.397, 2001.853, 1600.676, 2699.220, 4749.093, 6590.055, 3348.865, 919.526, 5402.474, 1299.576, 1681.047, 1237.928, 4398.746, 2645.902, 4636.937, 1446.832, 3851.499, 4040.844, 3191.279, 4156.895, 607.323, 2344.158, 2554.286, 6729.269, 2586.954, 3824.462, 4026.334, 5227.909, 3129.655, 3384.198, 6336.076, 2870.706, 2328.495, 4968.788, 2985.719, 4757.158, 4683.454, 4397.654, 5103.363, 4279.367],
    [962.398, 4180.860, 3173.322, 2233.419, 3674.794, 1688.991, 4229.213, 2128.569, 2462.368, 3412.827, 1307.855, 4600.226, 3519.181, 3857.332, 4977.710, 4815.155, 3785.720, 3857.634, 1750.677, 3936.660, 3823.756, 727.636, 2300.649, 3512.647, 5213.277, 3020.490, 1227.143, 3381.460, 3461.253, 2125.930, 4425.906, 4492.749, 2073.248, 750.033, 3383.406, 2723.165, 1073.056, 5234.970, 0.000, 4600.980, 3469.750, 1790.743, 3161.865, 2307.382, 3080.299, 4189.648, 6729.470, 2484.647, 3633.795, 4309.308, 3361.675, 2972.821, 1480.608, 2914.442, 1128.520, 3684.001, 2502.352, 901.039, 4123.587, 4119.553, 2240.410, 3262.734, 3335.126, 3704.260, 2753.564, 4012.438, 1677.006, 2190.721, 4741.118, 4139.486, 3938.938, 3736.009, 4064.428, 3593.555, 4023.683, 1548.485, 5330.381, 2562.652, 2441.802, 3379.971, 4305.158, 4689.968, 3308.847, 3526.806, 5033.181, 2967.988, 2287.828, 5051.174, 104.444, 2281.141, 3055.202, 1429.939, 2656.223, 2935.674, 4239.310, 2488.513, 4137.443, 1640.679, 1053.924, 3759.700, 1069.845],
