# Extracted from: /Users/abdurahmanal-essa/vrptheo/instances/200-Nodes/RioClaroPostToy_200_1.vrp
# 200 delivery nodes + 1 depot = 201 total
# node 0 = depot, nodes 1..200 = delivery nodes

dist_matrix = [
    [0.000, 3227.079, 3411.415, 1394.991, 3181.819, 4202.824, 1787.859, 3410.369, 2208.372, 2818.821, 1283.884, 3492.682, 2959.897, 3257.674, 1356.232, 1793.308, 3168.327, 1949.743, 2742.536, 2647.257, 4719.156, 149.739, 4828.414, 1997.438, 2842.191, 3132.152, 2755.909, 2143.512, 1844.378, 4246.985, 1695.183, 1110.347, 3162.579, 2423.733, 1779.326, 1445.734, 3847.664, 2969.122, 1709.281, 3127.881, 809.732, 1687.974, 1382.687, 2445.834, 1525.145, 3929.945, 3205.645, 1610.894, 387.215, 2151.819, 3071.243, 4525.475, 2171.178, 1989.195, 1747.986, 2021.803, 6751.840, 3807.042, 3194.421, 3545.249, 2134.723, 3203.807, 1873.295, 4720.790, 4758.738, 1843.518, 3573.935, 2800.346, 6013.944, 1913.769, 1239.257, 1847.126, 1248.133, 2756.437, 1775.648, 2509.311, 5360.233, 731.581, 3735.898, 3495.117, 6024.216, 2715.628, 1842.386, 778.229, 2096.004, 3313.831, 3521.526, 467.194, 1806.500, 551.579, 3475.640, 845.256, 2134.629, 1593.899, 5738.039, 4312.489, 2569.266, 2835.388, 3405.668, 1284.876, 1879.267, 1867.645, 2734.704, 3239.357, 2075.580, 3822.370, 1951.820, 623.362, 4962.777, 1109.624, 1969.303, 1743.694, 1948.215, 2404.320, 5844.767, 3428.959, 876.160, 3798.233, 3123.568, 2825.967, 1712.914, 3675.412, 2109.236, 2172.933, 1488.444, 2071.777, 1755.711, 3053.193, 3835.138, 3329.518, 163.701, 2851.735, 2969.879, 1232.959, 2337.573, 2944.409, 1713.292, 3126.683, 1344.084, 2484.523, 5737.004, 1742.309, 1652.699, 460.301, 3342.489, 1791.900, 1812.008, 243.806, 1317.933, 2134.920, 3337.416, 3867.413, 2546.424, 327.501, 1631.392, 2104.231, 1455.985, 2958.737, 2730.510, 2007.795, 3010.277, 2422.739, 2282.352, 1003.654, 2255.339, 1933.541, 2842.065, 5520.461, 4161.168, 2100.366, 4818.263, 4010.753, 1036.412, 1056.204, 3045.663, 2053.672, 3305.159, 3177.063, 2436.093, 3155.174, 4244.015, 2731.233, 2737.487, 2380.394, 4776.463, 5950.248, 2096.389, 1995.081, 1053.064, 1393.277, 3801.205, 5065.523, 2043.282, 5963.666, 3211.077, 2773.281, 1362.183, 2989.829, 5298.292, 4058.373, 3191.889],
    [3227.079, 0.000, 4544.282, 1930.863, 3978.517, 3513.006, 2403.519, 4461.538, 3173.871, 2415.682, 4362.369, 4625.549, 2838.565, 4216.257, 2250.316, 2237.985, 5108.732, 3835.573, 1045.181, 1156.974, 5647.432, 3086.761, 5961.281, 2788.484, 3800.774, 580.974, 2425.215, 2867.921, 1884.141, 5379.852, 2795.405, 3186.151, 3755.459, 3751.538, 1576.541, 3394.716, 4800.499, 1973.103, 2557.216, 1891.593, 3940.324, 3521.417, 2672.094, 1448.238, 3670.507, 3627.296, 4304.348, 2088.990, 3433.355, 1631.160, 1301.706, 3842.987, 3101.440, 2111.965, 1607.115, 2196.722, 7884.707, 5188.245, 3021.694, 830.046, 4139.644, 1365.723, 2262.817, 5649.066, 5134.816, 3729.348, 4617.399, 1120.365, 6032.441, 1756.262, 2303.839, 3852.048, 1987.207, 3197.536, 2356.859, 2237.783, 6493.101, 3853.946, 4599.385, 3576.163, 3798.382, 3653.000, 3847.308, 2543.596, 2764.971, 2193.244, 4198.781, 2825.385, 1622.131, 3285.663, 4434.223, 2387.408, 1847.559, 1855.191, 6690.874, 3610.412, 3925.424, 3878.853, 2795.188, 3256.938, 1850.592, 3292.779, 3067.945, 4293.616, 2477.973, 4873.539, 3754.280, 3222.744, 5882.968, 3185.428, 3054.732, 1949.992, 1677.943, 3732.126, 6977.634, 4561.827, 3253.087, 4849.402, 4060.939, 949.133, 1727.498, 4802.943, 2609.534, 2900.390, 1792.737, 3957.606, 2859.371, 2609.596, 3145.320, 3116.438, 3072.799, 2430.257, 544.030, 2112.503, 3206.583, 1250.614, 3718.214, 1650.939, 1961.190, 2875.444, 6869.871, 3623.981, 4222.114, 3196.080, 3565.089, 3796.822, 2940.386, 3074.088, 3173.105, 2359.925, 2946.422, 3063.116, 3346.899, 3186.484, 2904.566, 1245.855, 4534.470, 978.333, 570.311, 4012.717, 1727.239, 2296.031, 2386.991, 3768.861, 2463.433, 1847.174, 3800.648, 6653.329, 4130.942, 3938.931, 5951.131, 3320.935, 2571.201, 2920.409, 3863.062, 3939.502, 982.609, 3267.244, 3285.566, 981.805, 2018.181, 2313.154, 1041.832, 3712.792, 4554.010, 6023.014, 3934.401, 3320.918, 2833.530, 1918.956, 4478.460, 6198.391, 4048.204, 6916.501, 671.640, 3390.630, 3367.105, 2965.824, 6165.422, 4339.657, 2146.320],
    [3411.415, 4544.282, 0.000, 4035.887, 1188.373, 2554.567, 2292.133, 1082.831, 1380.624, 5230.686, 3833.097, 116.754, 1901.410, 1132.329, 3078.138, 4539.818, 1648.786, 1886.554, 3697.598, 3602.319, 2004.935, 3410.143, 1922.263, 1875.648, 881.206, 4794.910, 5202.140, 5031.335, 2822.366, 1174.353, 2042.355, 2595.760, 1454.981, 1360.420, 4101.755, 4724.767, 1528.910, 5229.915, 4697.366, 5303.717, 3620.789, 2008.365, 2351.412, 4658.430, 2358.001, 2222.347, 334.390, 2709.683, 3454.580, 3083.255, 5050.254, 2859.867, 1516.944, 2593.646, 4048.388, 4603.061, 3845.688, 1411.712, 1714.982, 5370.785, 5169.812, 3220.246, 2354.977, 2006.569, 2993.749, 1875.552, 1337.092, 4779.357, 4248.954, 3281.195, 3317.403, 5126.160, 3774.976, 1543.773, 2367.668, 2338.099, 2454.082, 3542.638, 1550.442, 1787.519, 8003.227, 1036.900, 5121.420, 3832.232, 1810.073, 2574.681, 1756.536, 3846.661, 4283.406, 2898.786, 1350.294, 3560.567, 4624.484, 4104.262, 2540.649, 2660.371, 1135.663, 743.937, 2045.129, 2363.234, 3375.525, 1547.314, 1700.245, 756.804, 2219.468, 1016.570, 1752.626, 2872.357, 2316.736, 2596.483, 1674.401, 3023.981, 4453.731, 1341.007, 2939.194, 268.500, 2693.914, 828.091, 1094.264, 3598.694, 3468.420, 611.992, 2066.740, 5060.755, 3872.740, 2005.150, 1978.389, 2184.101, 2800.649, 1622.412, 3396.180, 5245.261, 4003.796, 3488.933, 1408.240, 4923.420, 4992.326, 5143.879, 3911.902, 1876.468, 2830.853, 1905.801, 2868.163, 3026.484, 1634.891, 5070.934, 1899.469, 3623.273, 2378.407, 2428.626, 1790.780, 2832.924, 1347.511, 3170.419, 1953.755, 4041.628, 3680.538, 3569.658, 4442.006, 5286.829, 2858.401, 2251.796, 2404.318, 3171.021, 2084.394, 2767.016, 857.684, 2614.310, 2453.569, 5379.400, 1912.112, 2652.120, 2887.263, 2485.596, 1028.479, 1861.994, 5284.170, 1469.957, 1395.091, 5134.185, 6223.026, 2317.835, 3655.449, 1410.154, 7341.973, 4185.259, 5375.423, 1441.607, 2498.343, 3869.668, 1696.443, 2159.372, 5201.502, 2766.277, 4885.576, 1351.340, 4641.217, 1771.375, 2652.250, 2350.774, 2623.799],
    [1394.991, 1930.863, 4035.887, 0.000, 3481.546, 3639.680, 1828.761, 3953.142, 2665.476, 1476.952, 2460.083, 4117.154, 2637.982, 3707.861, 1206.223, 638.062, 4457.499, 3184.340, 1533.220, 1463.100, 5228.967, 1382.071, 5452.886, 2280.088, 3292.378, 1765.737, 1414.040, 1150.428, 1217.065, 4871.457, 2220.646, 2351.437, 3344.968, 3243.143, 412.912, 1596.433, 4382.034, 1602.708, 816.460, 1761.467, 2038.038, 2893.469, 2097.336, 1079.420, 2837.280, 3583.186, 3795.952, 1461.042, 1531.069, 1142.112, 1704.829, 3967.160, 2593.044, 1542.745, 381.571, 726.284, 7376.312, 4679.850, 2823.887, 2178.835, 2285.422, 2148.699, 1688.059, 5230.601, 4990.534, 3078.115, 4109.004, 1433.932, 6009.007, 831.693, 908.398, 1997.825, 404.776, 2817.467, 1782.100, 2008.439, 5984.705, 1951.660, 4180.920, 3346.095, 4657.801, 3144.604, 1993.085, 662.650, 2256.575, 2656.000, 3780.316, 931.341, 440.085, 1875.648, 3925.827, 809.694, 768.215, 227.485, 6272.409, 3749.346, 3417.029, 3370.457, 2847.353, 2524.100, 737.363, 2718.020, 2689.511, 3785.221, 1903.215, 4365.143, 3179.522, 1812.730, 5464.503, 2350.714, 2546.336, 1015.450, 581.801, 3223.730, 6469.239, 4053.431, 2117.250, 4341.006, 3552.544, 1740.854, 571.011, 4294.547, 2055.943, 1179.849, 290.368, 3306.373, 2284.613, 2490.050, 3271.994, 2966.495, 1396.034, 1509.866, 1749.450, 732.347, 2698.188, 1577.995, 1863.991, 1760.269, 249.857, 2433.049, 6361.476, 2972.748, 2980.834, 1786.065, 3286.562, 1942.599, 2365.628, 1213.405, 2529.929, 1791.307, 2850.129, 3304.269, 2838.503, 1690.544, 2329.808, 737.817, 2632.184, 1873.692, 1364.096, 2158.494, 2000.569, 2038.941, 1879.513, 2358.847, 2096.536, 1335.197, 3292.252, 6144.933, 3939.604, 2154.318, 5442.735, 3447.609, 1636.659, 2151.050, 3354.666, 3288.269, 1938.745, 3028.495, 2777.170, 1788.759, 2877.601, 2193.608, 1555.900, 3204.397, 3504.382, 5999.580, 2149.788, 2812.522, 2147.911, 169.763, 4059.995, 5689.995, 2193.981, 6498.037, 1844.662, 2955.669, 1512.883, 2725.941, 5746.957, 4092.315, 2533.544],
    [3181.819, 3978.517, 1188.373, 3481.546, 0.000, 1378.571, 1737.792, 567.005, 1006.648, 4676.346, 4143.577, 1179.421, 1147.924, 290.962, 2523.798, 3985.477, 2585.196, 2515.063, 3143.258, 3047.978, 1790.602, 3041.867, 2603.628, 1321.308, 474.083, 4229.145, 4647.799, 4476.994, 2268.025, 1855.718, 1493.618, 2523.763, 283.147, 1584.315, 3547.415, 4170.427, 919.110, 4675.575, 4143.026, 4749.376, 3669.425, 2293.821, 1802.675, 4104.090, 2950.656, 1046.351, 873.475, 2155.342, 3339.931, 2528.915, 4495.914, 1683.871, 1033.260, 2039.305, 3494.047, 4048.720, 4287.975, 2348.122, 960.367, 4805.019, 4859.416, 2662.512, 1800.637, 1792.236, 1815.958, 2501.752, 722.867, 4225.017, 3071.163, 2726.854, 2763.062, 4571.819, 3220.636, 800.863, 1813.328, 1783.759, 3135.447, 3591.274, 717.995, 611.523, 7448.886, 492.485, 4567.079, 3277.892, 1255.733, 1820.066, 578.746, 3306.418, 3729.065, 2748.731, 508.928, 3006.227, 4070.144, 3549.921, 2809.485, 1484.375, 1946.382, 611.351, 1289.992, 2462.405, 2821.184, 1496.604, 946.760, 526.404, 1665.127, 979.006, 2325.282, 2721.196, 2028.012, 2523.040, 1232.910, 2469.641, 3899.391, 1564.902, 3620.559, 928.574, 2598.923, 954.870, 123.139, 3044.353, 2914.079, 908.411, 1512.400, 4506.415, 3318.399, 2633.659, 1429.652, 1455.671, 1651.740, 867.272, 3027.904, 4690.921, 3438.031, 2934.593, 867.295, 4369.080, 4437.986, 4589.539, 3357.561, 1203.221, 3512.218, 2396.385, 3504.623, 2868.075, 523.140, 4516.594, 1386.931, 3130.959, 2391.382, 1874.286, 1036.165, 2046.416, 660.854, 2988.258, 1618.032, 3487.287, 4301.690, 3015.318, 3887.665, 4732.488, 2304.060, 1697.455, 1849.978, 3280.438, 1530.053, 2212.675, 497.604, 3099.125, 1277.574, 4825.059, 2593.477, 1476.125, 2332.922, 2258.021, 164.076, 2490.503, 4729.829, 716.472, 769.894, 4579.844, 5668.685, 1756.024, 3101.108, 1634.050, 6787.632, 3007.468, 4821.082, 1499.096, 2204.167, 3315.327, 858.424, 2840.737, 4767.976, 3035.112, 4319.811, 613.805, 4086.877, 1017.889, 2363.527, 1174.779, 1869.185],
    [4202.824, 3513.006, 2554.567, 3639.680, 1378.571, 0.000, 2430.311, 1498.437, 2326.236, 4704.555, 5164.582, 2546.747, 1264.713, 1444.036, 2966.059, 4080.933, 3818.694, 3812.345, 2696.520, 2606.435, 2355.904, 4062.872, 3591.129, 2276.082, 1839.785, 3763.634, 4676.009, 4635.128, 2517.761, 2843.219, 2687.943, 3577.793, 1103.130, 2903.903, 3575.624, 4796.589, 1508.972, 4575.400, 4301.159, 4493.890, 4690.430, 3586.464, 2868.723, 3893.001, 4062.149, 351.712, 2239.669, 2709.485, 4360.936, 2501.112, 4240.427, 427.418, 2352.847, 2312.374, 3522.257, 4144.176, 4877.836, 3701.836, 1087.463, 4339.508, 5485.578, 2197.001, 2413.152, 2357.538, 1747.648, 3794.395, 1379.589, 3969.530, 2617.496, 2811.531, 3096.656, 5197.982, 3439.932, 1467.282, 2505.389, 1719.328, 3816.149, 4612.279, 1307.857, 780.240, 7122.887, 1844.572, 5193.242, 3720.153, 2130.834, 1354.555, 907.254, 3969.649, 3757.275, 3769.736, 1226.563, 3560.369, 4098.353, 3645.377, 3399.347, 113.209, 3265.971, 1977.054, 818.051, 3648.580, 2905.861, 2806.024, 1494.093, 1820.216, 2136.018, 1638.139, 3617.925, 3742.201, 2591.440, 3577.070, 2542.330, 2632.991, 3928.738, 2884.491, 4608.060, 2295.900, 3652.953, 1764.262, 1479.022, 2586.164, 3077.429, 1979.690, 2097.132, 4664.549, 3431.027, 3934.379, 2722.295, 1175.355, 371.230, 945.922, 4048.909, 4719.130, 2972.520, 3153.889, 2187.998, 4113.593, 5064.148, 4334.052, 3515.695, 1746.469, 4236.754, 3689.028, 4613.757, 3889.080, 936.907, 5142.756, 2679.574, 4111.027, 3564.747, 2077.230, 941.291, 671.389, 1963.143, 4009.263, 2910.675, 3476.230, 5336.683, 2557.129, 3439.114, 5358.650, 1865.360, 1783.628, 1924.929, 4325.214, 1951.031, 2386.170, 1863.307, 3688.986, 743.774, 5451.221, 3580.978, 195.615, 3236.589, 3312.051, 1531.402, 3810.091, 4302.313, 1097.939, 2091.850, 4178.900, 5342.686, 1499.547, 2642.919, 2953.638, 6815.842, 2608.070, 5447.244, 2808.516, 3225.172, 3473.461, 1186.932, 3828.238, 5394.138, 3624.974, 3854.300, 1518.257, 4713.039, 1235.570, 2873.895, 952.489, 1403.674],
    [1787.859, 2403.519, 2292.133, 1828.761, 1737.792, 2430.311, 0.000, 2209.388, 921.721, 3023.560, 2749.617, 2373.400, 1200.475, 1964.107, 871.012, 2332.692, 2785.557, 1512.398, 1490.472, 1395.193, 3485.213, 1647.907, 3709.132, 519.206, 1548.624, 2654.147, 2995.013, 2824.209, 615.240, 3127.703, 408.236, 1162.828, 1601.214, 1467.119, 1894.629, 2517.641, 2638.280, 3022.789, 2490.240, 3096.591, 2275.465, 1198.242, 453.758, 2451.304, 1647.184, 2197.523, 2052.198, 502.557, 1945.971, 876.129, 2843.128, 2757.791, 849.290, 386.520, 1841.262, 2395.935, 5632.558, 2936.096, 1439.058, 3230.021, 3206.630, 1618.676, 147.851, 3486.847, 3270.029, 1406.173, 2365.250, 2572.231, 4454.808, 1074.069, 1110.277, 2919.034, 1567.850, 1073.713, 175.046, 737.908, 4240.951, 2197.314, 2437.165, 1761.022, 5796.101, 1400.850, 2914.294, 1625.106, 512.821, 1541.319, 2036.562, 1658.170, 2076.280, 1354.771, 2182.073, 1353.441, 2417.358, 1897.136, 4528.655, 2539.977, 1612.653, 1626.703, 1637.984, 1233.616, 1168.399, 911.032, 979.582, 2041.466, 298.386, 2621.389, 1360.014, 1327.236, 3720.749, 1162.105, 785.454, 816.855, 2246.605, 1447.707, 4725.484, 2309.677, 1237.988, 2597.252, 1808.790, 1457.930, 1261.294, 2550.793, 347.834, 2853.629, 1665.614, 1634.431, 469.937, 1280.681, 2062.625, 1581.666, 1633.945, 3038.135, 1863.033, 1281.807, 954.434, 2716.294, 2785.200, 2936.753, 1704.775, 723.121, 4617.722, 1316.754, 2198.792, 1474.115, 1610.238, 2863.808, 565.018, 1696.062, 1149.783, 357.726, 1579.598, 2094.900, 1094.749, 1594.299, 504.591, 1834.501, 2921.718, 1590.701, 2234.880, 3079.703, 1256.832, 654.112, 508.926, 1910.249, 491.158, 559.889, 1548.498, 4401.179, 2432.948, 3172.274, 3698.981, 2238.240, 821.624, 897.086, 1610.912, 1616.327, 3077.044, 1436.043, 1033.416, 2927.059, 4015.900, 959.830, 1470.727, 1423.781, 5134.847, 4445.382, 3168.297, 1038.467, 810.207, 1662.542, 2316.241, 3946.241, 3115.190, 4754.282, 2744.813, 1211.915, 2434.091, 1232.445, 4003.203, 2380.235, 1419.376],
    [3410.369, 4461.538, 1082.831, 3953.142, 567.005, 1498.437, 2209.388, 0.000, 1329.489, 5147.941, 4257.180, 1072.107, 1707.875, 282.646, 2995.393, 4457.073, 2331.238, 2520.972, 3614.853, 3519.574, 1338.433, 3384.214, 2103.673, 1792.903, 718.718, 4712.165, 5119.395, 4948.590, 2739.621, 1355.763, 1959.610, 2617.708, 793.319, 1590.224, 4019.010, 4642.022, 466.940, 5147.170, 4614.621, 5220.972, 3783.028, 2351.234, 2268.667, 4575.685, 2992.419, 1166.217, 767.933, 2626.938, 3453.534, 3000.510, 4967.509, 1803.736, 1456.825, 2510.901, 3965.643, 4520.316, 3835.805, 2226.239, 1516.438, 5288.040, 5168.766, 3137.501, 2272.233, 1340.066, 1934.027, 2509.970, 259.444, 4696.612, 3189.232, 3198.450, 3234.658, 5043.415, 3692.231, 1364.325, 2284.923, 2255.354, 2635.492, 3704.877, 473.768, 959.796, 7920.482, 871.299, 5038.675, 3749.487, 1727.328, 2373.964, 696.815, 3778.014, 4200.661, 2897.740, 275.418, 3477.822, 4541.739, 4021.517, 2357.315, 1604.240, 1952.291, 589.319, 1843.886, 2519.818, 3292.780, 1546.267, 1510.221, 329.571, 2136.723, 415.545, 2346.623, 2871.310, 1584.478, 2616.985, 1614.282, 2941.236, 4370.986, 1570.812, 3120.604, 821.261, 2692.867, 391.409, 463.359, 3515.949, 3385.675, 487.103, 1983.995, 4978.010, 3789.995, 2639.568, 1895.644, 2009.569, 1771.606, 1423.342, 3370.252, 5162.516, 3921.051, 3406.188, 1325.495, 4840.675, 4909.581, 5061.135, 3829.157, 1766.683, 3012.262, 2453.798, 3512.841, 3025.437, 973.042, 4988.189, 1839.350, 3602.555, 2448.795, 2345.881, 1592.235, 2166.282, 1220.562, 3169.373, 1930.631, 3958.883, 4325.216, 3486.913, 4359.261, 5204.084, 2775.656, 2169.051, 2321.574, 3374.383, 2001.649, 2684.271, 699.976, 2646.955, 1396.283, 5296.655, 2093.522, 1595.990, 2804.518, 2462.472, 694.891, 2496.412, 5201.425, 1278.448, 1269.925, 5051.440, 6140.281, 2235.090, 3572.704, 1639.959, 7259.228, 3125.537, 5292.678, 1548.759, 2475.219, 3786.923, 619.770, 2340.782, 5200.456, 2582.943, 4802.832, 1177.266, 4558.472, 1577.840, 1919.992, 1293.487, 2423.083],
    [2208.372, 3173.871, 1380.624, 2665.476, 1006.648, 2326.236, 921.721, 1329.489, 0.000, 3860.275, 3169.362, 1461.890, 1065.958, 1084.209, 1707.727, 3169.407, 2261.661, 1511.959, 2327.187, 2231.908, 2630.573, 2068.420, 2797.623, 505.237, 668.726, 3424.499, 3831.728, 3660.924, 1451.955, 2216.193, 675.851, 1529.890, 1267.780, 581.211, 2731.344, 3354.356, 1759.081, 3859.504, 3326.955, 3933.306, 2695.210, 1299.436, 984.908, 3288.019, 1956.270, 2035.146, 1172.300, 1339.272, 2365.716, 1712.844, 3679.843, 2631.536, 141.031, 1223.235, 2677.977, 3232.650, 4721.048, 2024.587, 1300.482, 4000.373, 4043.345, 1849.834, 984.566, 2632.207, 2806.548, 1500.957, 1485.351, 3408.946, 4061.754, 1910.784, 1946.992, 3755.749, 2404.565, 862.498, 997.257, 967.688, 3329.442, 2617.059, 1577.657, 1600.318, 6632.816, 520.951, 3751.009, 2461.821, 439.662, 1742.528, 1569.336, 2490.347, 2912.995, 1775.284, 1302.174, 2190.156, 3254.073, 2733.851, 3649.456, 2432.040, 943.279, 746.805, 1511.728, 1468.019, 2005.114, 497.268, 840.877, 1161.568, 849.057, 1741.490, 1330.896, 1747.749, 2874.194, 1529.167, 298.487, 1653.570, 3083.320, 577.747, 3813.975, 1398.168, 1605.050, 1717.354, 928.891, 2228.282, 2098.009, 1644.621, 696.329, 3690.344, 2502.329, 1630.555, 611.884, 1160.386, 1968.496, 1435.211, 2054.457, 3874.850, 2633.385, 2118.522, 142.897, 3553.009, 3621.915, 3773.468, 2541.490, 592.833, 3706.213, 1402.000, 2503.828, 1894.628, 1447.690, 3700.523, 523.556, 2314.889, 1396.997, 1058.215, 1443.476, 2000.771, 371.253, 2014.811, 631.521, 2671.216, 3307.816, 2199.247, 3071.595, 3916.418, 1487.990, 881.385, 1033.907, 2286.565, 713.983, 1396.604, 668.600, 3489.670, 2266.369, 4008.989, 2787.472, 2144.111, 1516.852, 1264.148, 850.987, 1487.399, 3913.759, 1282.757, 241.416, 3763.774, 4852.615, 947.424, 2285.038, 630.946, 5971.562, 3998.058, 4005.012, 499.759, 1230.720, 2499.257, 1753.865, 3034.732, 3951.905, 3875.083, 3515.165, 839.533, 3270.806, 1095.890, 3209.708, 2163.574, 1650.534],
    [2818.821, 2415.682, 5230.686, 1476.952, 4676.346, 4704.555, 3023.560, 5147.941, 3860.275, 0.000, 3843.164, 5311.953, 3832.782, 4902.661, 2510.572, 1029.057, 5652.298, 4379.139, 2401.169, 2331.050, 6423.767, 2805.902, 6647.685, 3474.888, 4487.178, 2009.721, 66.456, 1000.274, 2411.864, 6066.256, 3415.446, 3547.724, 4539.767, 4437.942, 1286.764, 1921.053, 5576.834, 446.123, 1161.628, 666.376, 3421.119, 4088.268, 3292.135, 1140.875, 4032.080, 4655.830, 4990.751, 2655.841, 2914.150, 2258.649, 1237.287, 5032.035, 3787.843, 2737.545, 1366.112, 869.167, 8571.111, 5874.649, 4018.686, 1672.445, 2712.813, 3016.649, 2882.858, 6425.400, 6163.350, 4272.914, 5303.803, 1310.066, 7073.882, 2016.519, 2278.025, 2413.860, 1774.402, 4012.267, 2976.900, 3179.149, 7179.505, 3334.741, 5375.719, 4540.894, 3913.297, 4339.403, 2409.120, 2086.480, 3451.374, 3614.179, 4975.116, 2355.171, 1230.051, 3245.275, 5120.626, 2179.321, 769.482, 1299.361, 7467.209, 4814.221, 4611.828, 4565.256, 3912.228, 3718.900, 2067.486, 3912.820, 3884.310, 4980.020, 3098.014, 5559.942, 4374.321, 3182.356, 6659.302, 3547.001, 3741.136, 2210.249, 1072.082, 4418.530, 7664.038, 5248.231, 3486.877, 5535.806, 4747.343, 2608.803, 1901.133, 5489.347, 3250.742, 1036.573, 1534.091, 4501.173, 3479.412, 3554.925, 4336.869, 4144.973, 2819.864, 90.000, 2569.858, 2099.747, 3892.987, 1263.018, 2257.350, 804.433, 1723.265, 3627.849, 7556.275, 4167.548, 4350.461, 3155.692, 4481.361, 2408.911, 3560.427, 2596.486, 3724.728, 2986.107, 3974.957, 4363.276, 4033.303, 3114.374, 3524.607, 1347.200, 4015.265, 2741.642, 1896.131, 2574.529, 2988.216, 3233.741, 3063.044, 3728.474, 3291.335, 2523.226, 4487.051, 7339.733, 5134.404, 2465.268, 6637.534, 4512.484, 2831.458, 3345.850, 4549.465, 4483.068, 1563.250, 4223.295, 3971.970, 1574.550, 2010.468, 3258.483, 2423.849, 4399.196, 2219.841, 7064.455, 2460.738, 4007.322, 3342.710, 1643.171, 5254.794, 6884.795, 2668.773, 7692.836, 2088.646, 4150.468, 1940.583, 3920.741, 6941.757, 5287.114, 3521.190],
    [1283.884, 4362.369, 3833.097, 2460.083, 4143.577, 5164.582, 2749.617, 4257.180, 3169.362, 3843.164, 0.000, 3914.364, 3921.655, 4122.406, 2496.214, 2817.651, 2749.756, 1971.076, 3843.681, 3748.402, 5565.967, 1427.764, 4867.390, 2959.196, 3706.923, 4197.243, 3780.252, 3167.855, 2931.470, 4285.961, 2656.941, 1739.721, 4124.338, 2891.095, 2844.418, 2467.173, 4694.475, 4034.214, 2733.624, 4192.973, 495.321, 2179.280, 2344.446, 3510.926, 1569.683, 4891.704, 3899.576, 2687.494, 980.093, 3238.268, 4136.335, 5487.233, 3132.937, 2950.954, 2813.078, 3046.146, 6790.816, 3388.471, 4156.179, 4610.341, 2186.206, 4248.973, 2835.054, 5567.601, 5720.497, 1971.349, 4420.746, 3865.438, 6975.702, 3053.752, 2379.240, 2425.422, 2414.831, 3718.196, 2737.406, 3471.069, 5399.210, 573.472, 4582.709, 4456.876, 7089.308, 3677.387, 2189.862, 1952.246, 3057.763, 4275.590, 4483.285, 1697.571, 2871.591, 1398.390, 4340.371, 2109.731, 3199.721, 2658.991, 5989.924, 5274.248, 2823.765, 3682.199, 4367.426, 1886.590, 3036.542, 2714.456, 3696.463, 4086.168, 3037.339, 4598.222, 2154.767, 1470.173, 5809.588, 1740.444, 2931.061, 2883.676, 3013.307, 2910.507, 5883.743, 3850.641, 1674.877, 4409.742, 4084.341, 3871.133, 2870.190, 4193.643, 3070.994, 3197.275, 2641.002, 1849.042, 2717.469, 4014.952, 4796.896, 4291.276, 1441.727, 3876.078, 4126.858, 2400.330, 3299.332, 4009.501, 2460.951, 4191.775, 2448.826, 3446.282, 5775.980, 2076.715, 996.143, 1415.697, 4304.248, 2401.122, 2773.767, 1467.465, 2014.666, 3096.679, 4299.174, 4829.171, 3508.183, 1426.605, 2550.425, 3169.323, 219.326, 4003.904, 3795.602, 2426.562, 3991.103, 3384.498, 3244.111, 945.269, 3217.098, 2973.093, 3706.796, 5559.438, 5122.926, 2582.175, 4857.239, 4972.512, 2176.395, 1908.758, 4007.422, 1992.198, 4370.251, 4138.822, 3397.852, 4220.266, 5309.107, 3692.992, 3823.936, 2841.360, 5800.806, 6912.007, 2667.298, 2841.892, 1965.390, 2468.942, 4728.711, 5104.500, 2252.409, 6215.551, 4276.169, 3735.039, 2383.623, 3951.587, 6145.103, 5020.131, 4153.647],
    [3492.682, 4625.549, 116.754, 4117.154, 1179.421, 2546.747, 2373.400, 1072.107, 1461.890, 5311.953, 3914.364, 0.000, 1986.182, 1122.739, 3159.405, 4621.085, 1730.053, 1967.820, 3778.865, 3683.586, 1976.560, 3491.410, 1809.052, 1956.915, 994.416, 4876.177, 5283.406, 5112.602, 2903.633, 1061.143, 2123.622, 2677.027, 1447.161, 1441.686, 4183.022, 4806.034, 1517.315, 5311.182, 4778.633, 5384.984, 3702.056, 2089.632, 2432.679, 4739.697, 2439.268, 2214.527, 431.652, 2790.950, 3535.847, 3164.522, 5131.521, 2852.047, 1598.211, 2674.913, 4129.655, 4684.328, 3732.478, 1492.979, 1828.192, 5452.052, 5251.079, 3301.513, 2436.244, 1978.193, 2985.929, 1956.819, 1326.369, 4860.624, 4241.134, 3362.462, 3398.670, 5207.427, 3856.243, 1625.040, 2448.935, 2419.366, 2340.872, 3623.905, 1539.332, 1779.699, 8084.494, 1118.823, 5202.687, 3913.499, 1891.340, 2660.581, 1748.716, 3927.928, 4364.673, 2980.053, 1340.704, 3641.834, 4705.751, 4185.529, 2427.439, 2652.551, 1216.929, 857.147, 2133.469, 2444.501, 3456.792, 1628.581, 1783.883, 746.081, 2300.735, 994.550, 1833.893, 2953.623, 2288.360, 2677.750, 1755.668, 3105.248, 4534.998, 1422.274, 2825.984, 256.968, 2775.181, 811.201, 1084.673, 3679.960, 3549.687, 597.657, 2148.007, 5142.022, 3954.007, 2086.417, 2059.656, 2265.368, 2819.916, 1735.622, 3477.447, 5326.528, 4085.063, 3570.200, 1489.507, 5004.687, 5073.593, 5225.146, 3993.168, 1957.735, 2717.642, 1987.068, 2949.430, 3107.750, 1627.071, 5152.201, 1980.736, 3704.540, 2459.674, 2509.893, 1903.990, 2918.824, 1428.778, 3251.686, 2035.021, 4122.894, 3761.805, 3650.925, 4523.273, 5368.096, 2939.668, 2333.063, 2485.585, 3252.288, 2165.661, 2848.283, 970.894, 2501.100, 2445.749, 5460.667, 1798.902, 2644.300, 2968.530, 2566.863, 1020.333, 1943.260, 5365.437, 1583.167, 1476.358, 5215.452, 6304.293, 2399.102, 3736.716, 1491.421, 7423.240, 4177.439, 5456.690, 1522.874, 2579.610, 3950.935, 1685.333, 2046.162, 5282.769, 2653.066, 4966.843, 1433.263, 4722.484, 1858.432, 2623.875, 2342.954, 2709.699],
    [2959.897, 2838.565, 1901.410, 2637.982, 1147.924, 1264.713, 1200.475, 1707.875, 1065.958, 3832.782, 3921.655, 1986.182, 0.000, 1428.773, 1736.223, 3141.913, 2809.698, 2569.418, 2022.080, 1931.994, 2828.848, 2819.945, 3345.659, 1023.580, 1026.134, 3089.193, 3804.235, 3633.430, 1424.461, 2764.230, 1445.015, 2334.866, 924.866, 1643.625, 2703.851, 3595.105, 1981.915, 3825.406, 3299.461, 3819.449, 3447.503, 2343.537, 1625.796, 3218.560, 2819.222, 1003.742, 1586.512, 1479.649, 3118.009, 1662.001, 3565.986, 1570.012, 1092.569, 1135.216, 2650.483, 3205.156, 5269.085, 2572.623, 244.443, 3665.067, 4284.094, 1522.560, 1183.316, 2830.482, 2441.106, 2551.467, 1852.533, 3295.089, 3436.717, 1883.290, 1919.498, 3996.498, 2377.072, 364.686, 1275.553, 693.707, 3877.479, 3369.352, 1780.801, 753.733, 6448.446, 873.594, 3991.758, 2490.317, 870.555, 680.114, 1380.197, 2739.813, 2885.501, 2526.809, 1646.739, 2330.534, 3226.580, 2706.357, 3872.290, 1370.517, 2005.692, 1163.402, 450.205, 2405.653, 1977.620, 1553.522, 232.924, 1566.081, 906.182, 2111.083, 2374.997, 2499.274, 3064.384, 2334.143, 1289.828, 1626.076, 3055.827, 1624.212, 4362.012, 1910.640, 2410.026, 2095.740, 1251.571, 1911.723, 2070.515, 2050.925, 861.165, 3662.851, 2474.835, 2691.452, 1479.367, 314.066, 906.082, 387.051, 2805.982, 3847.356, 2298.079, 2091.029, 927.719, 3439.152, 3862.664, 3659.611, 2513.997, 487.046, 4254.249, 2446.101, 3370.830, 2646.153, 738.377, 3941.272, 1436.647, 2868.100, 2321.820, 900.072, 390.615, 938.357, 702.864, 2766.336, 1667.748, 2637.118, 4093.756, 1882.688, 2764.673, 4157.166, 1190.919, 639.325, 829.325, 3082.287, 714.522, 1367.470, 1049.655, 4037.707, 1347.242, 4249.737, 3335.509, 1081.698, 1993.661, 2069.124, 1037.689, 2549.813, 3627.873, 436.133, 831.572, 3504.459, 4668.245, 613.296, 1968.479, 1693.360, 5944.068, 3427.291, 4245.760, 1556.014, 1982.245, 2471.763, 1659.876, 3582.769, 4192.654, 4097.918, 3179.859, 557.780, 3511.555, 133.579, 3346.838, 1576.126, 729.233],
    [3257.674, 4216.257, 1132.329, 3707.861, 290.962, 1444.036, 1964.107, 282.646, 1084.209, 4902.661, 4122.406, 1122.739, 1428.773, 0.000, 2750.113, 4211.792, 2529.152, 2465.003, 3369.573, 3274.293, 1573.232, 3138.934, 2319.750, 1547.623, 442.675, 4466.885, 4874.114, 4703.309, 2494.340, 1571.840, 1714.330, 2482.934, 514.217, 1534.255, 3773.730, 4396.742, 701.740, 4901.890, 4369.341, 4975.691, 3648.254, 2252.479, 2023.387, 4330.405, 2909.314, 1111.816, 817.431, 2381.657, 3318.760, 2755.230, 4722.229, 1749.336, 1211.544, 2265.620, 3720.362, 4275.035, 4070.604, 2292.078, 1237.335, 5042.759, 5033.992, 2892.220, 2026.952, 1574.865, 1879.627, 2454.001, 437.559, 4451.332, 3134.832, 2953.169, 2989.377, 4798.135, 3446.951, 1088.281, 2039.643, 2010.074, 2851.569, 3570.103, 500.625, 680.694, 7675.201, 595.255, 4793.395, 3504.207, 1482.048, 2094.862, 642.415, 3532.733, 3955.380, 2754.809, 221.510, 3232.542, 4296.459, 3776.236, 2592.115, 1549.840, 1896.322, 556.296, 1564.784, 2421.063, 3047.499, 1450.312, 1232.258, 383.970, 1891.442, 694.647, 2283.940, 2727.274, 1810.641, 2482.211, 1369.001, 2695.956, 4125.706, 1514.843, 3336.681, 871.892, 2558.093, 670.511, 187.315, 3270.668, 3140.395, 633.649, 1738.715, 4732.730, 3544.714, 2583.599, 1650.363, 1730.466, 1717.205, 1144.240, 3124.971, 4917.236, 3675.771, 3160.908, 1073.384, 4595.395, 4664.301, 4815.854, 3583.876, 1488.719, 3228.340, 2355.044, 3456.872, 2874.153, 693.940, 4742.909, 1594.070, 3357.274, 2350.041, 2100.601, 1313.133, 2111.881, 944.519, 3014.682, 1685.351, 3713.602, 4260.860, 3241.633, 4113.980, 4958.803, 2530.375, 1923.771, 2076.293, 3239.609, 1756.368, 2438.990, 442.549, 2881.754, 1341.882, 5051.374, 2309.599, 1541.590, 2559.238, 2217.192, 418.848, 2440.443, 4956.144, 999.346, 993.881, 4806.159, 5895.001, 1989.810, 3327.423, 1583.990, 7013.947, 3071.137, 5047.397, 1452.803, 2229.939, 3541.642, 676.832, 2556.859, 4994.291, 2817.742, 4557.551, 901.223, 4313.192, 1298.738, 2146.156, 1239.086, 2143.980],
    [1356.232, 2250.316, 3078.138, 1206.223, 2523.798, 2966.059, 871.012, 2995.393, 1707.727, 2510.572, 2496.214, 3159.405, 1736.223, 2750.113, 0.000, 1710.159, 3300.430, 2027.271, 1389.848, 1294.569, 4271.219, 1232.129, 4495.137, 1322.340, 2334.630, 2378.703, 2482.026, 2063.944, 491.690, 3913.708, 1262.898, 1195.856, 2387.219, 2285.394, 1381.641, 1874.237, 3424.286, 2509.802, 1698.690, 2622.300, 2022.062, 1742.901, 1122.363, 1938.316, 1680.211, 2733.270, 2838.203, 411.247, 1631.565, 799.131, 2433.934, 3293.539, 1635.295, 662.271, 1328.274, 1830.028, 6418.563, 3722.101, 1974.805, 2907.940, 2563.226, 1851.119, 730.310, 4272.852, 4032.785, 1921.046, 3151.255, 2163.037, 5131.557, 561.081, 301.369, 2275.629, 804.991, 1859.719, 824.352, 1273.656, 5026.957, 1943.911, 3223.171, 2388.346, 5386.907, 2186.855, 2270.889, 769.449, 1298.826, 2077.066, 2822.568, 1017.044, 1538.983, 1141.450, 2968.078, 599.622, 1867.112, 1331.229, 5314.661, 3075.724, 2459.280, 2412.708, 2173.732, 1367.032, 655.411, 1760.272, 1731.762, 2827.472, 945.466, 3407.394, 2029.348, 1113.165, 4506.754, 1195.133, 1588.588, 391.006, 1680.698, 2265.982, 5511.490, 3095.683, 1026.291, 3383.258, 2594.795, 1473.279, 748.306, 3336.799, 1098.194, 2093.365, 1045.302, 2149.305, 1326.864, 1816.428, 2598.373, 2117.413, 1218.167, 2525.147, 1709.830, 492.705, 1740.439, 2307.100, 2141.795, 2527.559, 959.910, 1475.301, 5403.727, 1815.680, 2231.819, 1183.005, 2328.813, 2220.403, 1407.879, 1242.444, 1372.860, 892.373, 2115.346, 2630.648, 1880.755, 1173.409, 1372.059, 1321.514, 2668.315, 1606.049, 1947.793, 2436.298, 1657.589, 1189.860, 1044.674, 1696.928, 1138.787, 592.912, 2334.503, 5187.185, 2981.856, 2528.869, 4484.986, 2773.988, 463.524, 1006.414, 2396.917, 2131.200, 2667.850, 2070.747, 1819.422, 2517.865, 3606.706, 1495.578, 1384.799, 2246.648, 4608.126, 5122.131, 2524.892, 1854.774, 1003.274, 1040.004, 3102.246, 4732.247, 2471.786, 5540.288, 2457.628, 1997.920, 1790.687, 1768.193, 4789.209, 3134.566, 1955.124],
    [1793.308, 2237.985, 4539.818, 638.062, 3985.477, 4080.933, 2332.692, 4457.073, 3169.407, 1029.057, 2817.651, 4621.085, 3141.913, 4211.792, 1710.159, 0.000, 4929.687, 3688.271, 1911.787, 1841.667, 5732.898, 1780.389, 5956.817, 2784.019, 3796.309, 1986.868, 966.145, 633.707, 1720.996, 5375.388, 2724.577, 2855.373, 3848.899, 3747.074, 755.445, 1160.275, 4885.965, 1320.741, 322.775, 1481.841, 2395.606, 3397.399, 2601.267, 1064.357, 3286.506, 4032.208, 4299.883, 1964.973, 1888.637, 1583.364, 1556.159, 4408.413, 3096.975, 2046.676, 724.104, 232.039, 7880.243, 5183.781, 3327.818, 2180.954, 1952.035, 2527.266, 2191.989, 5734.532, 5494.465, 3582.046, 4612.935, 1276.008, 6450.259, 1325.650, 1412.334, 1653.082, 908.712, 3321.398, 2286.031, 2512.370, 6488.636, 2309.228, 4684.851, 3850.026, 4509.131, 3648.535, 1648.342, 1060.967, 2760.506, 3064.889, 4284.247, 1329.658, 724.060, 2312.940, 4429.758, 1313.630, 393.970, 543.606, 6776.340, 4190.598, 3920.960, 3874.388, 3288.606, 3028.031, 1262.982, 3221.951, 3193.441, 4289.152, 2407.146, 4869.074, 3683.453, 2316.666, 5968.434, 2854.650, 3050.267, 1519.381, 564.584, 3727.661, 6973.169, 4557.362, 2621.186, 4844.937, 4056.475, 2119.421, 1096.629, 4798.478, 2559.874, 665.954, 725.026, 3810.304, 2788.544, 2931.302, 3713.246, 3470.426, 1794.352, 1061.970, 2128.017, 1236.418, 3202.119, 1429.325, 1496.572, 1480.736, 796.794, 2936.980, 6865.407, 3476.679, 3414.059, 2221.661, 3790.493, 1648.133, 2869.559, 1570.973, 3033.860, 2295.238, 3351.334, 3745.521, 3342.434, 2088.861, 2833.739, 1067.868, 2989.752, 2252.259, 1680.355, 1813.751, 2409.458, 2542.872, 2383.444, 2765.014, 2600.467, 1839.128, 3796.183, 6648.864, 4443.535, 1704.489, 5946.666, 3888.862, 2140.590, 2654.981, 3858.597, 3792.200, 1947.509, 3532.426, 3281.101, 1744.042, 2728.930, 2634.860, 1934.467, 3708.328, 3001.064, 6440.832, 1699.960, 3316.453, 2651.842, 804.281, 4563.926, 6193.926, 1907.995, 7001.967, 2065.793, 3459.600, 1158.291, 3229.872, 6250.888, 4596.246, 2942.433],
    [3168.327, 5108.732, 1648.786, 4457.499, 2585.196, 3818.694, 2785.557, 2331.238, 2261.661, 5652.298, 2749.756, 1730.053, 2809.698, 2529.152, 3300.430, 4929.687, 0.000, 1382.655, 4179.473, 4084.194, 3229.136, 3225.175, 2172.857, 2756.685, 2115.788, 5359.360, 5623.752, 5279.891, 3267.262, 1591.428, 2506.139, 2173.082, 2851.804, 2173.961, 4523.367, 4582.112, 2769.892, 5651.527, 4845.660, 5764.026, 3032.322, 1590.859, 2538.740, 5080.042, 1646.725, 3486.473, 1715.265, 3023.285, 3196.979, 3574.060, 5532.129, 4123.993, 2397.981, 3097.366, 4470.000, 5024.673, 4096.283, 719.204, 2885.271, 5935.234, 4679.089, 4101.283, 2929.864, 3230.770, 4254.284, 1382.928, 2579.701, 5261.232, 5509.489, 3702.807, 3572.387, 4918.304, 4062.761, 2545.247, 2859.403, 3219.136, 2704.676, 2954.171, 2791.908, 3184.342, 8485.102, 2109.756, 4694.067, 3914.608, 2691.110, 3486.268, 3017.072, 3603.573, 4705.018, 2625.358, 2602.625, 3719.978, 5046.096, 4525.874, 3531.729, 3924.497, 1811.893, 1978.519, 3124.402, 1945.727, 3797.137, 2395.825, 2606.273, 2153.627, 3062.222, 2247.126, 1566.347, 2683.844, 3540.936, 2173.805, 2555.438, 3468.878, 4875.343, 2193.373, 3189.209, 1666.330, 2381.168, 2063.778, 2491.087, 4168.777, 3890.032, 1926.811, 2947.777, 5309.311, 4294.352, 1260.621, 2471.212, 3065.138, 3712.236, 3019.235, 3211.213, 5666.873, 4568.246, 3763.723, 2289.277, 5405.295, 4849.671, 5625.754, 4217.680, 2757.505, 3081.447, 1488.295, 1784.822, 2787.462, 3031.714, 4905.327, 2497.749, 3380.184, 1960.900, 3124.220, 3028.265, 3744.511, 2228.548, 2931.397, 2284.510, 4463.240, 2597.197, 4301.547, 4923.881, 4919.444, 3739.438, 3132.833, 3253.307, 2582.554, 2965.431, 3270.736, 2092.266, 2864.904, 3716.539, 5075.058, 2162.706, 3887.851, 2855.269, 2373.861, 2425.302, 1403.777, 5766.045, 2866.780, 2276.128, 5616.060, 6704.901, 3198.872, 4159.728, 2124.226, 7763.585, 5445.794, 5160.180, 2322.645, 2458.585, 4291.280, 2937.910, 2409.966, 4756.614, 3757.356, 5450.026, 2424.196, 4498.562, 2778.638, 3876.451, 3613.744, 3535.386],
    [1949.743, 3835.573, 1886.554, 3184.340, 2515.063, 3812.345, 1512.398, 2520.972, 1511.959, 4379.139, 1971.076, 1967.820, 2569.418, 2465.003, 2027.271, 3688.271, 1382.655, 0.000, 2906.314, 2811.035, 3663.005, 1978.471, 3098.746, 1552.139, 2049.520, 4086.200, 4350.592, 4048.555, 1994.103, 2517.317, 1156.840, 905.095, 2772.100, 934.292, 3250.208, 3363.529, 2984.368, 4378.368, 3627.076, 4490.866, 1922.473, 317.700, 1265.581, 3806.883, 607.799, 3539.466, 1953.032, 1750.126, 1992.908, 2300.901, 4258.970, 4134.996, 1495.485, 1824.207, 3196.841, 3751.514, 5022.172, 2021.370, 2803.942, 4662.075, 3586.902, 3000.710, 1656.705, 3664.638, 4313.440, 124.504, 2723.408, 3988.073, 5568.645, 2429.648, 2299.228, 3764.922, 2789.602, 2365.959, 1586.244, 2118.832, 3630.565, 1844.322, 2885.372, 3104.638, 7211.942, 2029.366, 3556.045, 2696.024, 1705.525, 2923.353, 3076.228, 2384.989, 3431.859, 1407.067, 2682.968, 2446.819, 3772.937, 3252.715, 4318.002, 3922.011, 866.962, 1984.861, 3015.189, 672.568, 2523.978, 1034.392, 2344.225, 2349.960, 1700.789, 2651.679, 197.964, 1410.685, 3974.805, 905.818, 1293.610, 2195.718, 3602.184, 953.704, 4115.099, 1904.098, 1108.009, 2463.199, 2426.938, 2895.618, 2616.873, 2247.100, 1718.757, 4077.975, 3021.193, 125.578, 1121.913, 2662.715, 3444.659, 2939.039, 1964.509, 4393.714, 3295.086, 2490.564, 1651.312, 4132.136, 3631.088, 4352.595, 2944.520, 2094.044, 4007.336, 215.135, 1006.142, 1564.812, 2952.011, 3709.696, 1136.315, 2161.601, 687.741, 1774.921, 2946.937, 3476.934, 1879.668, 1708.747, 1011.351, 3190.081, 1818.517, 3028.388, 3650.721, 3827.257, 2638.866, 2032.261, 1891.874, 1472.705, 1864.860, 1997.577, 2027.120, 3790.793, 3770.689, 3982.871, 3088.595, 3620.274, 1582.109, 1100.701, 2359.402, 181.897, 4492.886, 2786.584, 1749.831, 4342.900, 5431.742, 2340.754, 2886.569, 884.557, 6490.426, 5504.950, 4014.184, 1089.008, 1185.426, 3018.121, 3031.373, 3335.855, 3618.592, 4543.629, 4176.867, 2346.424, 3279.979, 2599.350, 4310.320, 3667.894, 2801.410],
    [2742.536, 1045.181, 3697.598, 1533.220, 3143.258, 2696.520, 1490.472, 3614.853, 2327.187, 2401.169, 3843.681, 3778.865, 2022.080, 3369.573, 1389.848, 1911.787, 4179.473, 2906.314, 0.000, 115.337, 4830.947, 2613.332, 5114.597, 1941.800, 2954.090, 1295.809, 2372.623, 2541.950, 954.882, 4533.168, 1882.358, 2256.892, 2938.973, 2904.854, 1272.238, 3043.342, 3984.014, 2124.991, 2231.018, 2043.480, 3369.529, 2592.158, 1759.047, 1442.591, 2741.248, 2810.810, 3457.663, 1159.732, 2981.614, 701.901, 1628.689, 3026.501, 2254.755, 1198.918, 1221.280, 1975.030, 7038.023, 4341.561, 2205.208, 1871.683, 3741.890, 649.945, 1349.770, 4832.580, 4318.330, 2800.089, 3770.715, 1397.424, 5215.955, 895.794, 1514.403, 3454.294, 1513.778, 2381.050, 1443.812, 1402.550, 5646.417, 3291.378, 3782.899, 2759.677, 4460.831, 2806.315, 3449.554, 2070.167, 1918.286, 1376.759, 3382.296, 2351.956, 1456.298, 2448.835, 3587.538, 1913.979, 1794.968, 1476.231, 5874.389, 2793.927, 3078.740, 3032.168, 1978.702, 2327.679, 990.124, 2379.732, 2251.460, 3446.932, 1564.926, 4026.854, 2841.233, 2421.300, 5066.482, 2256.169, 2208.048, 1053.690, 1625.352, 2885.442, 6130.950, 3715.143, 2332.052, 4002.718, 3214.255, 241.104, 1251.473, 3956.259, 1717.654, 2574.196, 1319.308, 3028.348, 1946.324, 1774.364, 2328.834, 2299.953, 2599.369, 2415.744, 504.695, 1568.270, 2359.899, 1527.885, 3320.460, 1883.643, 1487.761, 2040.212, 6023.187, 2694.722, 3292.856, 2568.179, 2748.604, 3399.068, 2027.339, 2600.659, 2243.846, 1446.878, 2129.937, 2246.631, 2500.215, 2559.714, 1991.519, 1109.079, 4015.782, 373.942, 784.529, 3614.963, 891.208, 1460.798, 1473.944, 3004.313, 1628.200, 934.126, 2953.963, 5806.645, 3314.456, 3587.557, 5104.446, 2504.450, 1710.734, 1991.150, 3016.377, 3010.243, 1666.830, 2450.758, 2438.881, 1516.845, 2680.631, 1477.922, 57.145, 2866.108, 4512.456, 5206.529, 3583.027, 2474.234, 1904.271, 1445.527, 3661.974, 5351.707, 3650.450, 6100.016, 1386.475, 2574.144, 2969.351, 2149.339, 5348.937, 3523.171, 1329.835],
