"""
Experiment 6: Warm-Start QAOA — Variational Parameter Transferability
======================================================================

Overview
--------
This experiment investigates whether the optimal variational parameters
(gamma, beta) of the Quantum Approximate Optimization Algorithm (QAOA),
learned on one sub-instance of the Vehicle Routing Problem (VRP), can
serve as effective initializations for the optimization of structurally
related sub-instances. Successful parameter transfer would allow the
solver to bypass costly re-optimization on each new sub-problem, reducing
total quantum runtime by an estimated 80–90% with no degradation in
solution quality.

QUBO Formulation
----------------
All instances are encoded using a position-indexed QUBO formulation
consistent with the main solver (k=1 vehicle per sub-problem):

    Variable:  p_{i,t} = 1  iff customer i occupies position t in the route

This encoding is subtour-free by construction, eliminating the need for
post-hoc feasibility filtering applied in arc-based formulations.
The resulting Hamiltonian has n^2 binary variables for an n-customer instance.

Benchmark Instances
-------------------
A total of 19 sub-instances are derived from the RioClaroPostToy_50_0
benchmark (50 customers, Euclidean distances) across three problem sizes:

    4-customer (16 qubits) — 13 instances (A through M):
        A–C : Original sub-routes from the main solver decomposition
        D–F : Compact spatial clusters
        G–H : Geographically spread configurations
        I   : Near-depot cluster
        J   : Far-from-depot cluster
        K–M : Mixed-geometry configurations

    2-customer (4 qubits)  — 3 instances (S1–S3): near, far, and mid-distance pairs
    3-customer (9 qubits)  — 3 instances (T1–T3): compact, spread, and mixed geometries

Transfer Pair Design
--------------------
A total of 36 strategically selected warm-start pairs are evaluated,
designed to probe the following transfer scenarios:

    (i)   Homogeneous same-size transfer: compact→compact, spread→spread
          (expected to benefit from structural similarity)
    (ii)  Heterogeneous same-size transfer: compact→spread, near→far
          (expected to show degraded or no benefit)
    (iii) Cross-category and original-pair transfer
    (iv)  Same-size transfer at 2-customer and 3-customer scales
    (v)   Cross-size transfer: 2→3, 2→4, 3→4, 4→3, 4→2
          (parameters are zero-padded or truncated to match target circuit depth)

Experimental Protocol
---------------------
The experiment is conducted in three sequential phases:

    Phase 1 — Cold-Start Baseline:
        Each of the 19 instances is solved independently using QAOA with
        randomly initialized parameters. Five optimizer configurations are
        tested per instance (5 configs × 19 instances = 95 runs total).
        Results establish the cold-start performance ceiling for each instance.

    Phase 2 — Warm-Start Transfer:
        For each of the 36 strategic pairs, the optimal parameters from the
        source instance (obtained in Phase 1) are used as the initial point
        for the optimizer on the target instance. Five configurations are
        evaluated per pair (5 configs × 36 pairs = 180 runs total).
        Improvement over Phase 1 baselines quantifies the benefit of transfer.

    Phase 3 — Parameter Universality:
        The optimized parameters of each instance are applied directly to
        every other same-size instance without any further optimization
        (zero optimizer iterations). This tests the strongest form of
        parameter transferability: the existence of a universal (gamma*, beta*)
        that generalizes across instances of the same size and problem class.
"""

import os, sys, json, time, math
import numpy as np
import itertools

# ── Qiskit imports ────────────────────────────────────────────────────────────
from qiskit import transpile
from qiskit.circuit.library import QAOAAnsatz
from qiskit_aer import AerSimulator
from qiskit.primitives import BackendEstimator
from qiskit_algorithms.optimizers import ADAM, COBYLA, SPSA
from qiskit_algorithms.utils import algorithm_globals
from qiskit_optimization import QuadraticProgram
from qiskit_optimization.converters import QuadraticProgramToQubo

# ── Full 51×51 distance matrix (RioClaroPostToy_50_0) ────────────────────────
# Index 0 = depot (5215, 5704), indices 1-50 = delivery nodes.
FULL_DIST = np.array([
    [0.000, 3214.039, 1880.650, 2795.590, 1249.126, 1999.214, 1349.382, 3018.671, 646.763, 3649.622, 1716.219, 1945.123, 1701.443, 4603.037, 3107.364, 2720.800, 1419.232, 291.771, 1749.531, 1264.182, 1745.278, 3553.983, 3693.303, 1566.375, 4475.106, 2194.920, 657.442, 4044.124, 1601.586, 1490.086, 1440.872, 721.533, 2423.680, 2089.545, 1569.893, 3120.360, 4010.928, 2324.551, 1291.236, 1993.787, 2086.745, 1459.944, 2307.121, 2008.412, 3637.426, 1859.859, 5915.671, 2025.835, 1123.085, 918.986, 2108.813],
    [3214.039, 0.000, 2410.607, 2735.086, 2344.381, 3872.004, 2854.419, 2044.221, 3679.863, 4769.450, 4781.665, 2259.628, 1731.764, 5518.273, 1142.177, 3168.356, 1839.777, 2925.812, 1937.314, 2226.804, 4177.939, 3992.023, 4357.519, 1660.370, 5390.342, 1190.798, 2688.730, 4951.275, 1694.877, 3989.894, 3432.754, 2609.902, 843.803, 3042.910, 3168.960, 1670.190, 5938.293, 3078.698, 1931.064, 2716.224, 2247.519, 3243.450, 3061.267, 2725.777, 4301.641, 3732.649, 7035.499, 3944.984, 3182.496, 2652.637, 3023.642],
    [1880.650, 2410.607, 0.000, 3154.684, 1896.288, 3833.766, 2929.331, 2952.271, 2235.527, 4963.914, 3337.328, 2387.730, 823.632, 5802.668, 2586.778, 3471.651, 967.091, 1679.482, 2012.226, 629.915, 1946.402, 4349.686, 4641.914, 1155.660, 5674.737, 1382.006, 1885.216, 5235.670, 779.991, 3338.788, 1225.738, 1206.314, 1682.822, 3237.375, 3297.062, 2868.826, 5859.630, 3273.162, 955.134, 309.161, 209.639, 917.681, 3255.731, 318.713, 4586.036, 3694.411, 7229.963, 1619.215, 2957.637, 1103.761, 3218.106],
    [2795.590, 2735.086, 3154.684, 0.000, 1671.616, 2331.159, 1770.899, 965.328, 3213.250, 2285.959, 3838.285, 941.544, 2635.936, 2887.512, 1616.131, 520.638, 2232.505, 2607.984, 1227.437, 2704.129, 4165.484, 1361.261, 1726.757, 2043.936, 2759.581, 2434.006, 2263.054, 2320.514, 2378.237, 2987.342, 3420.298, 2530.960, 2439.989, 990.931, 1815.741, 1153.260, 3547.025, 595.332, 2247.057, 3310.587, 3097.404, 3439.371, 577.901, 3325.211, 1670.880, 2310.649, 4552.009, 4005.262, 2179.944, 2833.234, 972.715],
    [1249.126, 2344.381, 1896.288, 1671.616, 0.000, 1969.636, 1074.467, 1887.244, 1784.008, 3309.801, 2756.477, 733.617, 1530.530, 4148.555, 1861.782, 1817.538, 1072.694, 1000.102, 505.651, 1330.712, 2509.733, 2695.574, 2987.801, 1001.951, 4020.625, 1475.374, 648.180, 3581.557, 1272.831, 1905.534, 1764.548, 979.759, 1618.463, 1583.262, 1471.327, 1988.933, 4035.926, 1619.049, 944.699, 2010.823, 1991.997, 1783.620, 1601.618, 2025.448, 2931.923, 1830.282, 5575.850, 2349.511, 1098.135, 1242.662, 1563.994],
    [1999.214, 3872.004, 3833.766, 2331.159, 1969.636, 0.000, 1195.083, 2579.570, 2297.530, 2045.742, 1713.486, 1761.944, 3404.883, 3467.867, 3144.131, 2256.258, 3001.452, 2216.191, 1938.233, 3231.448, 3186.181, 3088.581, 3060.256, 2812.883, 3339.936, 3261.954, 2011.471, 3060.735, 3147.184, 1021.844, 3408.138, 2688.799, 3311.119, 1378.807, 814.838, 2681.260, 2300.837, 1739.371, 2882.176, 3948.300, 3866.350, 3427.210, 1756.801, 3962.925, 3114.632, 147.476, 4106.985, 3929.941, 888.336, 2886.252, 1398.075],
    [1349.382, 2854.419, 2929.331, 1770.899, 1074.467, 1195.083, 0.000, 1993.981, 1767.042, 2575.338, 2350.030, 920.433, 2410.583, 3469.554, 2247.050, 1696.110, 2007.152, 1394.230, 920.649, 2398.329, 2772.535, 2529.293, 2668.613, 1818.583, 3341.623, 2244.370, 1169.624, 2910.640, 2152.884, 1499.087, 2683.097, 1963.758, 2293.535, 863.032, 570.240, 2095.670, 3261.373, 1257.461, 2012.316, 3078.440, 2872.050, 2702.170, 1274.892, 3093.065, 2612.736, 1055.728, 4841.387, 3268.061, 686.314, 2161.211, 882.300],
    [3018.671, 2044.221, 2952.271, 965.328, 1887.244, 2579.570, 1993.981, 0.000, 3436.331, 2915.373, 4061.367, 1157.171, 2372.409, 3489.878, 944.014, 1139.961, 2125.134, 2831.065, 1393.560, 2596.759, 4352.759, 1963.627, 2329.123, 1936.565, 3361.947, 1840.985, 2486.136, 2922.879, 2175.824, 3210.423, 3607.574, 2718.235, 1775.078, 1359.395, 2038.822, 396.323, 4221.519, 1395.182, 2216.422, 3203.216, 2894.990, 3626.647, 1377.751, 3217.840, 2273.246, 2533.730, 5226.502, 4192.537, 2403.025, 2943.520, 1340.126],
    [646.763, 3679.863, 2235.527, 3213.250, 1784.008, 2297.530, 1767.042, 3436.331, 0.000, 3952.335, 1623.874, 2362.783, 2097.068, 4905.750, 3608.433, 3138.460, 1865.616, 931.291, 2282.032, 1659.808, 1189.839, 3971.643, 4110.963, 2054.185, 4777.819, 2590.546, 1257.892, 4346.837, 1997.212, 1730.184, 1792.845, 1073.506, 2891.361, 2507.205, 1872.606, 3538.020, 4251.025, 2742.212, 1788.468, 2348.664, 2441.622, 1811.917, 2724.781, 2363.288, 4055.086, 2162.572, 6218.384, 1933.599, 1425.798, 1270.959, 2526.473],
    [3649.622, 4769.450, 4963.914, 2285.959, 3309.801, 2045.742, 2575.338, 2915.373, 3952.335, 0.000, 3738.133, 2648.953, 4445.166, 1595.279, 3650.495, 1802.672, 4041.735, 3827.698, 3036.667, 4513.359, 4957.827, 1587.378, 1526.257, 3853.166, 1467.348, 4265.457, 3559.170, 1188.147, 4187.467, 3046.491, 4958.112, 4219.721, 4291.139, 1882.762, 2226.998, 3187.624, 2505.228, 1814.639, 4056.287, 5119.817, 4906.633, 4977.185, 1832.070, 5134.441, 1582.135, 2030.299, 2757.730, 5543.076, 2767.738, 4436.227, 1866.891],
    [1716.219, 4781.665, 3337.328, 3838.285, 2756.477, 1713.486, 2350.030, 4061.367, 1623.874, 3738.133, 0.000, 2987.819, 3198.870, 5160.258, 4233.468, 3763.496, 2967.417, 2000.748, 2907.067, 2761.609, 2126.424, 4596.679, 4735.999, 3155.986, 5032.327, 3692.348, 2295.329, 4753.126, 3099.013, 854.487, 2880.090, 2175.307, 3993.163, 3044.112, 2284.286, 4163.056, 3259.186, 3367.247, 2890.270, 3450.465, 3543.423, 2913.719, 3349.817, 3465.089, 4680.122, 1727.758, 5621.476, 2819.142, 1738.425, 2372.760, 3063.380],
    [1945.123, 2259.628, 2387.730, 941.544, 733.617, 1761.944, 920.433, 1157.171, 2362.783, 2648.953, 2987.819, 0.000, 1868.981, 3487.707, 1608.477, 1156.690, 1465.550, 1726.026, 460.483, 1937.175, 3237.074, 2034.725, 2326.953, 1276.982, 3359.777, 1689.273, 1357.139, 2920.709, 1611.283, 2136.876, 2491.888, 1643.536, 1714.955, 922.414, 1034.829, 1258.860, 3828.234, 958.201, 1480.102, 2543.632, 2330.449, 2510.961, 940.770, 2558.257, 2271.075, 1622.590, 4915.002, 3076.852, 1329.477, 1970.003, 903.146],
    [1701.443, 1731.764, 823.632, 2635.936, 1530.530, 3404.883, 2410.583, 2372.409, 2097.068, 4445.166, 3198.870, 1868.981, 0.000, 5283.920, 1996.319, 2952.903, 498.088, 1500.274, 1493.478, 609.786, 2595.144, 3830.938, 4123.165, 649.948, 5155.989, 790.695, 1519.458, 4716.922, 261.243, 3045.924, 1849.959, 1027.107, 1092.363, 2718.627, 2778.314, 2278.367, 5471.172, 2754.414, 589.375, 1129.249, 660.543, 1644.756, 2736.983, 1138.801, 4067.288, 3265.528, 6711.215, 2346.290, 2533.381, 1069.843, 2699.358],
    [4603.037, 5518.273, 5802.668, 2887.512, 4148.555, 3467.867, 3469.554, 3489.878, 4905.750, 1595.279, 5160.258, 3487.707, 5283.920, 0.000, 4418.065, 2407.830, 4880.489, 4666.452, 3875.421, 5352.114, 5911.243, 1529.794, 1164.299, 4691.920, 361.308, 5104.211, 4397.924, 570.542, 5026.221, 4468.616, 5796.866, 5058.475, 5129.893, 2746.774, 3180.413, 3870.374, 3722.040, 2595.438, 4895.041, 5958.571, 5745.388, 5815.939, 2578.007, 5973.195, 1220.176, 3452.424, 2976.954, 6381.830, 3772.735, 5274.981, 2730.904],
    [3107.364, 1142.177, 2586.778, 1616.131, 1861.782, 3144.131, 2247.050, 944.014, 3608.433, 3650.495, 4233.468, 1608.477, 1996.319, 4418.065, 0.000, 2068.148, 1865.298, 2858.340, 1371.228, 2336.923, 4279.433, 2891.815, 3257.311, 1676.729, 4290.134, 1367.304, 2506.418, 3851.067, 1810.331, 3382.525, 3534.248, 2657.408, 1067.256, 1923.955, 2517.809, 551.235, 4911.560, 1959.743, 1956.586, 2892.172, 2529.497, 3394.218, 1942.312, 2901.724, 3201.433, 3087.131, 5916.544, 4095.752, 2575.127, 2754.132, 1904.687],
    [2720.800, 3168.356, 3471.651, 520.638, 1817.538, 2256.258, 1696.110, 1139.961, 3138.460, 1802.672, 3763.496, 1156.690, 2952.903, 2407.830, 2068.148, 0.000, 2549.472, 2533.194, 1544.404, 3021.096, 4143.953, 881.579, 1247.075, 2360.903, 2279.899, 2773.194, 2188.265, 1840.832, 2695.204, 2912.553, 3465.849, 2727.457, 2798.876, 916.030, 1740.951, 1520.457, 3187.000, 520.431, 2564.023, 3627.553, 3414.370, 3484.922, 503.001, 3642.178, 1191.198, 2235.860, 4191.984, 4050.812, 2105.155, 2943.963, 897.815],
    [1419.232, 1839.777, 967.091, 2232.505, 1072.694, 3001.452, 2007.152, 2125.134, 1865.616, 4041.735, 2967.417, 1465.550, 498.088, 4880.489, 1865.298, 2549.472, 0.000, 1131.005, 1090.047, 475.169, 2417.679, 3427.507, 3719.734, 203.631, 4752.558, 833.723, 1061.622, 4313.491, 240.389, 2588.089, 1672.493, 795.654, 1049.418, 2315.196, 2374.883, 2092.407, 5067.741, 2350.983, 131.540, 1081.626, 959.555, 1552.800, 2333.552, 1096.250, 3663.857, 2862.097, 6307.784, 2254.333, 2129.950, 892.377, 2295.927],
    [291.771, 2925.812, 1679.482, 2607.984, 1000.102, 2216.191, 1394.230, 2831.065, 931.291, 3827.698, 2000.748, 1726.026, 1500.274, 4666.452, 2858.340, 2533.194, 1131.005, 0.000, 1502.209, 1063.014, 2029.807, 3366.377, 3505.697, 1278.149, 4538.521, 1924.476, 372.431, 4099.453, 1331.142, 1734.604, 1298.116, 578.777, 2135.454, 1997.782, 1756.869, 2932.754, 4255.445, 2136.945, 1003.009, 1792.619, 1885.577, 1317.189, 2119.515, 1807.243, 3449.820, 2076.836, 6093.747, 1883.079, 1340.062, 776.230, 2011.572],
    [1749.531, 1937.314, 2012.226, 1227.437, 505.651, 1938.233, 920.649, 1393.560, 2282.032, 3036.667, 2907.067, 460.483, 1493.478, 3875.421, 1371.228, 1544.404, 1090.047, 1502.209, 0.000, 1561.671, 2997.751, 2422.439, 2714.667, 901.478, 3747.490, 1327.265, 1150.288, 3308.423, 1235.779, 2056.124, 2252.566, 1363.227, 1376.429, 1310.128, 1360.512, 1495.250, 4004.523, 1345.915, 1104.598, 2168.128, 1954.945, 2271.638, 1328.484, 2182.753, 2658.789, 1798.879, 5302.716, 2837.529, 1248.726, 1649.599, 1290.859],
    [1264.182, 2226.804, 629.915, 2704.129, 1330.712, 3231.448, 2398.329, 2596.759, 1659.808, 4513.359, 2761.609, 1937.175, 609.786, 5352.114, 2336.923, 3021.096, 475.169, 1063.014, 1561.671, 0.000, 2042.280, 3899.132, 4191.359, 663.737, 5224.183, 1137.487, 1280.206, 4785.115, 544.153, 2722.320, 1297.094, 589.846, 1438.302, 2786.820, 2798.494, 2564.032, 5243.162, 2822.607, 463.211, 744.246, 834.250, 1081.175, 2805.177, 758.871, 4135.481, 3092.094, 6779.408, 1782.709, 2355.319, 526.218, 2767.552],
    [1745.278, 4177.939, 1946.402, 4165.484, 2509.733, 3186.181, 2772.535, 4352.759, 1189.839, 4957.827, 2126.424, 3237.074, 2595.144, 5911.243, 4279.433, 4143.953, 2417.679, 2029.807, 2997.751, 2042.280, 0.000, 4977.136, 5116.456, 2606.248, 5783.312, 3088.622, 2262.202, 5352.329, 2495.288, 2596.492, 757.210, 1638.068, 3389.437, 3512.698, 2878.098, 4454.449, 5117.333, 3747.704, 2375.608, 1941.348, 2152.497, 1032.265, 3730.274, 1955.972, 5060.579, 3054.477, 7134.476, 747.304, 2383.829, 1568.160, 3531.966],
    [3553.983, 3992.023, 4349.686, 1361.261, 2695.574, 3088.581, 2529.293, 1963.627, 3971.643, 1587.378, 4596.679, 2034.725, 3830.938, 1529.794, 2891.815, 881.579, 3427.507, 3366.377, 2422.439, 3899.132, 4977.136, 0.000, 369.040, 3238.938, 1401.864, 3651.230, 3021.448, 962.796, 3573.239, 3745.736, 4343.884, 3605.493, 3676.911, 1748.353, 2574.134, 2344.124, 3717.726, 1352.754, 3442.059, 4505.589, 4292.406, 4362.957, 1335.324, 4520.213, 313.162, 3069.043, 3591.609, 4928.848, 2938.337, 3821.999, 1730.138],
    [3693.303, 4357.519, 4641.914, 1726.757, 2987.801, 3060.256, 2668.613, 2329.123, 4110.963, 1526.257, 4735.999, 2326.953, 4123.165, 1164.299, 3257.311, 1247.075, 3719.734, 3505.697, 2714.667, 4191.359, 5116.456, 369.040, 0.000, 3531.166, 1036.368, 3943.457, 3237.170, 597.300, 3865.467, 3885.056, 4636.112, 3897.720, 3969.139, 1830.282, 2567.177, 2709.620, 3654.835, 1434.683, 3734.286, 4797.816, 4584.633, 4655.185, 1417.252, 4812.441, 59.422, 3044.813, 3247.332, 5221.075, 3077.657, 4114.226, 1812.067],
    [1566.375, 1660.370, 1155.660, 2043.936, 1001.951, 2812.883, 1818.583, 1936.565, 2054.185, 3853.166, 3155.986, 1276.982, 649.948, 4691.920, 1676.729, 2360.903, 203.631, 1278.149, 901.478, 663.737, 2606.248, 3238.938, 3531.166, 0.000, 4563.989, 706.158, 1041.066, 4124.922, 392.249, 2567.532, 1861.062, 984.223, 870.012, 2126.627, 2186.314, 1903.838, 4879.172, 2162.414, 283.400, 1270.195, 1111.416, 1741.369, 2144.983, 1284.819, 3475.288, 2673.528, 6119.215, 2442.902, 1941.381, 1080.946, 2107.358],
    [4475.106, 5390.342, 5674.737, 2759.581, 4020.625, 3339.936, 3341.623, 3361.947, 4777.819, 1467.348, 5032.327, 3359.777, 5155.989, 361.308, 4290.134, 2279.899, 4752.558, 4538.521, 3747.490, 5224.183, 5783.312, 1401.864, 1036.368, 4563.989, 0.000, 4976.281, 4269.993, 442.611, 4898.290, 4340.685, 5668.936, 4930.544, 5001.963, 2618.844, 3052.482, 3742.443, 3594.110, 2467.507, 4767.110, 5830.640, 5617.457, 5688.008, 2450.076, 5845.264, 1092.245, 3324.493, 2768.833, 6253.899, 3644.804, 5147.050, 2602.973],
    [2194.920, 1190.798, 1382.006, 2434.006, 1475.374, 3261.954, 2244.370, 1840.985, 2590.546, 4265.457, 3692.348, 1689.273, 790.695, 5104.211, 1367.304, 2773.194, 833.723, 1924.476, 1327.265, 1137.487, 3088.622, 3651.230, 3943.457, 706.158, 4976.281, 0.000, 1734.518, 4537.213, 605.560, 3222.203, 2343.436, 1520.584, 400.439, 2538.918, 2598.605, 1649.447, 5328.244, 2574.705, 925.010, 1687.401, 1324.726, 2189.447, 2557.275, 1696.953, 3887.579, 3122.600, 6531.506, 2890.980, 2414.805, 1563.320, 2519.650],
    [657.442, 2688.730, 1885.216, 2263.054, 648.180, 2011.471, 1169.624, 2486.136, 1257.892, 3559.170, 2295.329, 1357.139, 1519.458, 4397.924, 2506.418, 2188.265, 1061.622, 372.431, 1150.288, 1280.206, 2262.202, 3021.448, 3237.170, 1041.066, 4269.993, 1734.518, 0.000, 3830.926, 1261.759, 1581.940, 1517.017, 797.678, 1898.371, 1773.175, 1551.632, 2587.825, 4077.761, 1868.418, 933.627, 1999.751, 1980.925, 1536.090, 1850.987, 2014.376, 3181.292, 1872.117, 5825.219, 2101.980, 1135.343, 995.131, 1786.145],
    [4044.124, 4951.275, 5235.670, 2320.514, 3581.557, 3060.735, 2910.640, 2922.879, 4346.837, 1188.147, 4753.126, 2920.709, 4716.922, 570.542, 3851.067, 1840.832, 4313.491, 4099.453, 3308.423, 4785.115, 5352.329, 962.796, 597.300, 4124.922, 442.611, 4537.213, 3830.926, 0.000, 4459.223, 4061.484, 5229.868, 4491.477, 4562.895, 2187.861, 2621.500, 3303.376, 3314.908, 2028.439, 4328.042, 5391.573, 5178.389, 5248.941, 2011.009, 5406.197, 653.178, 3045.292, 2653.575, 5814.832, 3213.822, 4707.983, 2171.991],
    [1601.586, 1694.877, 779.991, 2378.237, 1272.831, 3147.184, 2152.884, 2175.824, 1997.212, 4187.467, 3099.013, 1611.283, 261.243, 5026.221, 1810.331, 2695.204, 240.389, 1331.142, 1235.779, 544.153, 2495.288, 3573.239, 3865.467, 392.249, 4898.290, 605.560, 1261.759, 4459.223, 0.000, 2788.225, 1750.102, 927.250, 906.375, 2460.928, 2520.615, 2092.379, 5213.473, 2496.715, 331.676, 1085.385, 734.228, 1587.431, 2479.284, 1094.937, 3809.589, 3007.829, 6453.516, 2288.965, 2275.683, 969.986, 2441.659],
    [1490.086, 3989.894, 3338.788, 2987.342, 1905.534, 1021.844, 1499.087, 3210.423, 1730.184, 3046.491, 854.487, 2136.876, 3045.924, 4468.616, 3382.525, 2912.553, 2588.089, 1734.604, 2056.124, 2722.320, 2596.492, 3745.736, 3885.056, 2567.532, 4340.685, 3222.203, 1581.940, 4061.484, 2788.225, 0.000, 2899.010, 2179.671, 3365.292, 2248.273, 1483.084, 3312.113, 2567.544, 2516.304, 2460.093, 3451.925, 3507.392, 2918.082, 2498.873, 3466.550, 3829.178, 1028.856, 4929.834, 3340.147, 887.482, 2377.124, 2267.541],
    [1440.872, 3432.754, 1225.738, 3420.298, 1764.548, 3408.138, 2683.097, 3607.574, 1792.845, 4958.112, 2880.090, 2491.888, 1849.959, 5796.866, 3534.248, 3465.849, 1672.493, 1298.116, 2252.566, 1297.094, 757.210, 4343.884, 4636.112, 1861.062, 5668.936, 2343.436, 1517.017, 5229.868, 1750.102, 2899.010, 0.000, 892.883, 2644.251, 3231.573, 2978.817, 3709.263, 5419.851, 3267.360, 1630.423, 1253.675, 1431.833, 344.592, 3249.929, 1268.299, 4580.234, 3268.783, 7224.161, 728.201, 2532.009, 822.974, 3212.305],
    [721.533, 2609.902, 1206.314, 2530.960, 979.759, 2688.799, 1963.758, 2718.235, 1073.506, 4219.721, 2175.307, 1643.536, 1027.107, 5058.475, 2657.408, 2727.457, 795.654, 578.777, 1363.227, 589.846, 1638.068, 3605.493, 3897.720, 984.223, 4930.544, 1520.584, 797.678, 4491.477, 927.250, 2179.671, 892.883, 0.000, 1821.400, 2493.181, 2259.478, 2819.925, 4700.512, 2528.968, 741.084, 1319.451, 1412.409, 911.955, 2511.538, 1334.076, 3841.843, 2549.444, 6485.770, 1477.846, 1812.670, 370.997, 2473.913],
    [2423.680, 843.803, 1682.822, 2439.989, 1618.463, 3311.119, 2293.535, 1775.078, 2891.361, 4291.139, 3993.163, 1714.955, 1092.363, 5129.893, 1067.256, 2798.876, 1049.418, 2135.454, 1376.429, 1438.302, 3389.437, 3676.911, 3969.139, 870.012, 5001.963, 400.439, 1898.371, 4562.895, 906.375, 3365.292, 2644.251, 1821.400, 0.000, 2564.600, 2624.287, 1393.082, 5377.408, 2600.387, 1140.705, 1988.216, 1625.541, 2490.262, 2582.956, 1997.768, 3913.261, 3171.764, 6557.188, 3191.796, 2557.894, 1864.135, 2545.332],
    [2089.545, 3042.910, 3237.375, 990.931, 1583.262, 1378.807, 863.032, 1359.395, 2507.205, 1882.762, 3044.112, 922.414, 2718.627, 2746.774, 1923.955, 916.030, 2315.196, 1997.782, 1310.128, 2786.820, 3512.698, 1748.353, 1830.282, 2126.627, 2618.844, 2538.918, 1773.175, 2187.861, 2460.928, 2248.273, 3231.573, 2493.181, 2564.600, 0.000, 838.058, 1461.084, 3143.828, 399.143, 2329.747, 3393.277, 3180.094, 3250.646, 416.574, 3407.902, 1774.404, 1332.967, 4148.811, 3816.536, 1430.380, 2709.687, 22.812],
    [1569.893, 3168.960, 3297.062, 1815.741, 1471.327, 814.838, 570.240, 2038.822, 1872.606, 2226.998, 2284.286, 1034.829, 2778.314, 3180.413, 2517.809, 1740.951, 2374.883, 1756.869, 1360.512, 2798.494, 2878.098, 2574.134, 2567.177, 2186.314, 3052.482, 2598.605, 1551.632, 2621.500, 2520.615, 1483.084, 2978.817, 2259.478, 2624.287, 838.058, 0.000, 2140.511, 2881.128, 1232.487, 2389.434, 3452.965, 3239.781, 2997.889, 1249.918, 3467.589, 2602.757, 675.484, 4493.047, 3563.780, 698.561, 2456.931, 857.326],
    [3120.360, 1670.190, 2868.826, 1153.260, 1988.933, 2681.260, 2095.670, 396.323, 3538.020, 3187.624, 4163.056, 1258.860, 2278.367, 3870.374, 551.235, 1520.457, 2092.407, 2932.754, 1495.250, 2564.032, 4454.449, 2344.124, 2709.620, 1903.838, 3742.443, 1649.447, 2587.825, 3303.376, 2092.379, 3312.113, 3709.263, 2819.925, 1393.082, 1461.084, 2140.511, 0.000, 4448.689, 1496.871, 2183.695, 3170.489, 2811.545, 3641.663, 1479.441, 3183.773, 2653.742, 2635.420, 5453.673, 4294.227, 2504.714, 2981.241, 1441.816],
    [4010.928, 5938.293, 5859.630, 3547.025, 4035.926, 2300.837, 3261.373, 4221.519, 4251.025, 2505.228, 3259.186, 3828.234, 5471.172, 3722.040, 4911.560, 3187.000, 5067.741, 4255.445, 4004.523, 5243.162, 5117.333, 3717.726, 3654.835, 4879.172, 3594.110, 5328.244, 4077.761, 3314.908, 5213.473, 2567.544, 5419.851, 4700.512, 5377.408, 3143.828, 2881.128, 4448.689, 0.000, 3075.705, 4948.465, 5972.767, 5932.640, 5438.924, 3093.135, 5987.391, 3710.712, 2315.109, 3469.821, 5815.258, 2954.626, 4897.966, 3127.957],
    [2324.551, 3078.698, 3273.162, 595.332, 1619.049, 1739.371, 1257.461, 1395.182, 2742.212, 1814.639, 3367.247, 958.201, 2754.414, 2595.438, 1959.743, 520.431, 2350.983, 2136.945, 1345.915, 2822.607, 3747.704, 1352.754, 1434.683, 2162.414, 2467.507, 2574.705, 1868.418, 2028.439, 2496.715, 2516.304, 3267.360, 2528.968, 2600.387, 399.143, 1232.487, 1496.871, 3075.705, 0.000, 2365.534, 3429.065, 3215.881, 3286.433, 36.923, 3443.689, 1378.806, 1723.928, 4080.688, 3852.324, 1708.906, 2745.475, 380.927],
    [1291.236, 1931.064, 955.134, 2247.057, 944.699, 2882.176, 2012.316, 2216.422, 1788.468, 4056.287, 2890.270, 1480.102, 589.375, 4895.041, 1956.586, 2564.023, 131.540, 1003.009, 1104.598, 463.211, 2375.608, 3442.059, 3734.286, 283.400, 4767.110, 925.010, 933.627, 4328.042, 331.676, 2460.093, 1630.423, 741.084, 1140.705, 2329.747, 2389.434, 2183.695, 4948.465, 2365.534, 0.000, 1069.669, 1050.843, 1540.843, 2348.104, 1084.293, 3678.409, 2742.821, 6322.336, 2215.386, 2006.047, 880.420, 2310.479],
    [1993.787, 2716.224, 309.161, 3310.587, 2010.823, 3948.300, 3078.440, 3203.216, 2348.664, 5119.817, 3450.465, 2543.632, 1129.249, 5958.571, 2892.172, 3627.553, 1081.626, 1792.619, 2168.128, 744.246, 1941.348, 4505.589, 4797.816, 1270.195, 5830.640, 1687.401, 1999.751, 5391.573, 1085.385, 3451.925, 1253.675, 1319.451, 1988.216, 3393.277, 3452.965, 3170.489, 5972.767, 3429.065, 1069.669, 0.000, 500.075, 912.627, 3411.634, 18.168, 4741.939, 3808.946, 7385.866, 1614.160, 3072.172, 1216.898, 3374.009],
    [2086.745, 2247.519, 209.639, 3097.404, 1991.997, 3866.350, 2872.050, 2894.990, 2441.622, 4906.633, 3543.423, 2330.449, 660.543, 5745.388, 2529.497, 3414.370, 959.555, 1885.577, 1954.945, 834.250, 2152.497, 4292.406, 4584.633, 1111.416, 5617.457, 1324.726, 1980.925, 5178.389, 734.228, 3507.392, 1431.833, 1412.409, 1625.541, 3180.094, 3239.781, 2811.545, 5932.640, 3215.881, 1050.843, 500.075, 0.000, 1123.776, 3198.451, 505.310, 4528.756, 3726.996, 7172.683, 1825.310, 2994.849, 1309.856, 3160.826],
    [1459.944, 3243.450, 917.681, 3439.371, 1783.620, 3427.210, 2702.170, 3626.647, 1811.917, 4977.185, 2913.719, 2510.961, 1644.756, 5815.939, 3394.218, 3484.922, 1552.800, 1317.189, 2271.638, 1081.175, 1032.265, 4362.957, 4655.185, 1741.369, 5688.008, 2189.447, 1536.090, 5248.941, 1587.431, 2918.082, 344.592, 911.955, 2490.262, 3250.646, 2997.889, 3641.663, 5438.924, 3286.433, 1540.843, 912.627, 1123.776, 0.000, 3269.002, 927.251, 4599.307, 3287.856, 7243.234, 705.077, 2551.082, 841.280, 3231.377],
    [2307.121, 3061.267, 3255.731, 577.901, 1601.618, 1756.801, 1274.892, 1377.751, 2724.781, 1832.070, 3349.817, 940.770, 2736.983, 2578.007, 1942.312, 503.001, 2333.552, 2119.515, 1328.484, 2805.177, 3730.274, 1335.324, 1417.252, 2144.983, 2450.076, 2557.275, 1850.987, 2011.009, 2479.284, 2498.873, 3249.929, 2511.538, 2582.956, 416.574, 1249.918, 1479.441, 3093.135, 36.923, 2348.104, 3411.634, 3198.451, 3269.002, 0.000, 3426.258, 1361.375, 1741.358, 4098.119, 3834.893, 1691.475, 2728.044, 398.358],
    [2008.412, 2725.777, 318.713, 3325.211, 2025.448, 3962.925, 3093.065, 3217.840, 2363.288, 5134.441, 3465.089, 2558.257, 1138.801, 5973.195, 2901.724, 3642.178, 1096.250, 1807.243, 2182.753, 758.871, 1955.972, 4520.213, 4812.441, 1284.819, 5845.264, 1696.953, 2014.376, 5406.197, 1094.937, 3466.550, 1268.299, 1334.076, 1997.768, 3407.902, 3467.589, 3183.773, 5987.391, 3443.689, 1084.293, 18.168, 505.310, 927.251, 3426.258, 0.000, 4756.563, 3823.570, 7400.490, 1628.785, 3086.796, 1231.523, 3388.633],
    [3637.426, 4301.641, 4586.036, 1670.880, 2931.923, 3114.632, 2612.736, 2273.246, 4055.086, 1582.135, 4680.122, 2271.075, 4067.288, 1220.176, 3201.433, 1191.198, 3663.857, 3449.820, 2658.789, 4135.481, 5060.579, 313.162, 59.422, 3475.288, 1092.245, 3887.579, 3181.292, 653.178, 3809.589, 3829.178, 4580.234, 3841.843, 3913.261, 1774.404, 2602.757, 2653.742, 3710.712, 1378.806, 3678.409, 4741.939, 4528.756, 4599.307, 1361.375, 4756.563, 0.000, 3097.666, 3303.209, 5165.198, 3021.780, 4058.349, 1756.189],
    [1859.859, 3732.649, 3694.411, 2310.649, 1830.282, 147.476, 1055.728, 2533.730, 2162.572, 2030.299, 1727.758, 1622.590, 3265.528, 3452.424, 3087.131, 2235.860, 2862.097, 2076.836, 1798.879, 3092.094, 3054.477, 3069.043, 3044.813, 2673.528, 3324.493, 3122.600, 1872.117, 3045.292, 3007.829, 1028.856, 3268.783, 2549.444, 3171.764, 1332.967, 675.484, 2635.420, 2315.109, 1723.928, 2742.821, 3808.946, 3726.996, 3287.856, 1741.358, 3823.570, 3097.666, 0.000, 4091.541, 3798.237, 748.981, 2746.897, 1352.235],
    [5915.671, 7035.499, 7229.963, 4552.009, 5575.850, 4106.985, 4841.387, 5226.502, 6218.384, 2757.730, 5621.476, 4915.002, 6711.215, 2976.954, 5916.544, 4191.984, 6307.784, 6093.747, 5302.716, 6779.408, 7134.476, 3591.609, 3247.332, 6119.215, 2768.833, 6531.506, 5825.219, 2653.575, 6453.516, 4929.834, 7224.161, 6485.770, 6557.188, 4148.811, 4493.047, 5453.673, 3469.821, 4080.688, 6322.336, 7385.866, 7172.683, 7243.234, 4098.119, 7400.490, 3303.209, 4091.541, 0.000, 7809.125, 4828.981, 6702.276, 4132.940],
    [2025.835, 3944.984, 1619.215, 4005.262, 2349.511, 3929.941, 3268.061, 4192.537, 1933.599, 5543.076, 2819.142, 3076.852, 2346.290, 6381.830, 4095.752, 4050.812, 2254.333, 1883.079, 2837.529, 1782.709, 747.304, 4928.848, 5221.075, 2442.902, 6253.899, 2890.980, 2101.980, 5814.832, 2288.965, 3340.147, 728.201, 1477.846, 3191.796, 3816.536, 3563.780, 4294.227, 5815.258, 3852.324, 2215.386, 1614.160, 1825.310, 705.077, 3834.893, 1628.785, 5165.198, 3798.237, 7809.125, 0.000, 3116.972, 1407.938, 3797.268],
    [1123.085, 3182.496, 2957.637, 2179.944, 1098.135, 888.336, 686.314, 2403.025, 1425.798, 2767.738, 1738.425, 1329.477, 2533.381, 3772.735, 2575.127, 2105.155, 2129.950, 1340.062, 1248.726, 2355.319, 2383.829, 2938.337, 3077.657, 1941.381, 3644.804, 2414.805, 1135.343, 3213.822, 2275.683, 887.482, 2532.009, 1812.670, 2557.894, 1430.380, 698.561, 2504.714, 2954.626, 1708.906, 2006.047, 3072.172, 2994.849, 2551.082, 1691.475, 3086.796, 3021.780, 748.981, 4828.981, 3116.972, 0.000, 2010.123, 1449.648],
    [918.986, 2652.637, 1103.761, 2833.234, 1242.662, 2886.252, 2161.211, 2943.520, 1270.959, 4436.227, 2372.760, 1970.003, 1069.843, 5274.981, 2754.132, 2943.963, 892.377, 776.230, 1649.599, 526.218, 1568.160, 3821.999, 4114.226, 1080.946, 5147.050, 1563.320, 995.131, 4707.983, 969.986, 2377.124, 822.974, 370.997, 1864.135, 2709.687, 2456.931, 2981.241, 4897.966, 2745.475, 880.420, 1216.898, 1309.856, 841.280, 2728.044, 1231.523, 4058.349, 2746.897, 6702.276, 1407.938, 2010.123, 0.000, 2690.419],
    [2108.813, 3023.642, 3218.106, 972.715, 1563.994, 1398.075, 882.300, 1340.126, 2526.473, 1866.891, 3063.380, 903.146, 2699.358, 2730.904, 1904.687, 897.815, 2295.927, 2011.572, 1290.859, 2767.552, 3531.966, 1730.138, 1812.067, 2107.358, 2602.973, 2519.650, 1786.145, 2171.991, 2441.659, 2267.541, 3212.305, 2473.913, 2545.332, 22.812, 857.326, 1441.816, 3127.957, 380.927, 2310.479, 3374.009, 3160.826, 3231.377, 398.358, 3388.633, 1756.189, 1352.235, 4132.940, 3797.268, 1449.648, 2690.419, 0.000],
])

# Node coordinates: (id, x, y) — depot is node 0
NODE_COORDS = {
    0: (5215, 5704), 1: (5150, 2695), 2: (4109, 4550), 3: (7288, 4037),
    4: (5752, 4789), 5: (6929, 6198), 6: (6415, 5207), 7: (6899, 3647),
    8: (4848, 6118), 9: (8726, 5357), 10: (5753, 7314), 11: (6486, 4478),
    12: (4625, 4208), 13: (9730, 4531), 14: (6205, 3288), 15: (7646, 4250),
    16: (4977, 4406), 17: (5216, 5449), 18: (6035, 4479), 19: (4628, 4673),
    20: (4109, 6392), 21: (8547, 3921), 22: (8817, 4205), 23: (5174, 4326),
    24: (9751, 4805), 25: (5065, 3735), 26: (5489, 5252), 27: (9340, 4581),
    28: (4857, 4233), 29: (6204, 6646), 30: (4214, 5714), 31: (4830, 5175),
    32: (5203, 3487), 33: (7166, 4853), 34: (6808, 5478), 35: (6644, 3425),
    36: (8002, 6832), 37: (7407, 4605), 38: (5043, 4509), 39: (3879, 4684),
    40: (4052, 4353), 41: (4040, 5465), 42: (7385, 4592), 43: (3862, 4686),
    44: (8766, 4168), 45: (6869, 6108), 46: (11032, 6436), 47: (3566, 5953),
    48: (6263, 5758), 49: (4732, 5195), 50: (7178, 4853),
}

GLOBAL_MAX_DIST = float(np.max(FULL_DIST))  # 7809.125


def extract_instance(customer_ids):
    """
    Extract a sub-distance-matrix for a set of customer node IDs.
    Always includes node 0 (depot) as row/col 0.
    Returns: np.ndarray of shape (1+len(customer_ids), 1+len(customer_ids))
    """
    all_ids = [0] + list(customer_ids)
    n = len(all_ids)
    sub = np.zeros((n, n), dtype=float)
    for i in range(n):
        for j in range(n):
            sub[i, j] = FULL_DIST[all_ids[i], all_ids[j]]
    return sub


# ── Default instances (same 3 as before, now extracted programmatically) ─────
INSTANCES = {
    # ── Original 3 instances ──
    "A": {"label": "nodes [0,1,2,3,4]",       "node_ids": [1, 2, 3, 4],       "dist": extract_instance([1, 2, 3, 4])},
    "B": {"label": "nodes [0,7,14,21,35]",     "node_ids": [7, 14, 21, 35],    "dist": extract_instance([7, 14, 21, 35])},
    "C": {"label": "nodes [0,8,10,29,45]",     "node_ids": [8, 10, 29, 45],    "dist": extract_instance([8, 10, 29, 45])},
    # ── Compact clusters (nearby nodes) ──
    "D": {"label": "compact-center [16,23,28,38]",  "node_ids": [16, 23, 28, 38], "dist": extract_instance([16, 23, 28, 38])},
    "E": {"label": "compact-east [3,15,37,42]",     "node_ids": [3, 15, 37, 42],  "dist": extract_instance([3, 15, 37, 42])},
    "F": {"label": "compact-NW [39,40,43,47]",      "node_ids": [39, 40, 43, 47], "dist": extract_instance([39, 40, 43, 47])},
    # ── Spread out (max geographic spread) ──
    "G": {"label": "spread-corners [1,10,46,47]",   "node_ids": [1, 10, 46, 47],  "dist": extract_instance([1, 10, 46, 47])},
    "H": {"label": "spread-diagonal [20,13,36,40]", "node_ids": [20, 13, 36, 40], "dist": extract_instance([20, 13, 36, 40])},
    # ── Near depot ──
    "I": {"label": "near-depot [17,26,31,49]",      "node_ids": [17, 26, 31, 49], "dist": extract_instance([17, 26, 31, 49])},
    # ── Far from depot ──
    "J": {"label": "far-depot [9,13,24,46]",        "node_ids": [9, 13, 24, 46],  "dist": extract_instance([9, 13, 24, 46])},
    # ── Mixed configurations ──
    "K": {"label": "mixed-dist [17,7,44,20]",       "node_ids": [17, 7, 44, 20],  "dist": extract_instance([17, 7, 44, 20])},
    "L": {"label": "mixed-quadrant [5,41,14,22]",   "node_ids": [5, 41, 14, 22],  "dist": extract_instance([5, 41, 14, 22])},
    "M": {"label": "random-spread [2,33,36,19]",    "node_ids": [2, 33, 36, 19],  "dist": extract_instance([2, 33, 36, 19])},
    # ── 2-customer instances (4 qubits) ──
    "S1": {"label": "2cust-near [17,26]",            "node_ids": [17, 26],         "dist": extract_instance([17, 26])},
    "S2": {"label": "2cust-far [9,46]",              "node_ids": [9, 46],          "dist": extract_instance([9, 46])},
    "S3": {"label": "2cust-mid [4,11]",              "node_ids": [4, 11],          "dist": extract_instance([4, 11])},
    # ── 3-customer instances (9 qubits) ──
    "T1": {"label": "3cust-compact [16,23,28]",      "node_ids": [16, 23, 28],     "dist": extract_instance([16, 23, 28])},
    "T2": {"label": "3cust-spread [1,46,20]",        "node_ids": [1, 46, 20],      "dist": extract_instance([1, 46, 20])},
    "T3": {"label": "3cust-mixed [7,36,43]",         "node_ids": [7, 36, 43],      "dist": extract_instance([7, 36, 43])},
}

# ── QAOA configs to test (matches the main solver's 5-config sweep) ──────────
CONFIGS = [
    {"reps": 2, "optimizer": "ADAM",   "maxiter": 30,  "restarts": 1},
    {"reps": 5, "optimizer": "ADAM",   "maxiter": 30,  "restarts": 1},
    {"reps": 2, "optimizer": "COBYLA", "maxiter": 100, "restarts": 1},
    {"reps": 2, "optimizer": "ADAM",   "maxiter": 80,  "restarts": 2},
    {"reps": 5, "optimizer": "COBYLA", "maxiter": 100, "restarts": 1},
    # ── Configs aligned with final_approach.ipynb ──
    {"reps": 2, "optimizer": "COBYLA", "maxiter": 50,  "restarts": 3},
    {"reps": 5, "optimizer": "COBYLA", "maxiter": 50,  "restarts": 3},
]


# ══════════════════════════════════════════════════════════════════════════════
# QUBO BUILDER — Position-Indexed (k=1, subtour-free)
# ══════════════════════════════════════════════════════════════════════════════

def build_qubo(dist_mat):
    """
    Build position-indexed TSP QUBO for k=1 (node 0 = depot).

    Variables: p_{i}_{t} = 1 if customer i is at position t in the tour.
    N customers → N² binary variables → N² qubits.
    Subtour-free by construction.
    """
    m1 = dist_mat.shape[0]          # total nodes (depot + customers)
    _N = m1 - 1                     # number of customer nodes
    dist_norm = dist_mat / GLOBAL_MAX_DIST
    penalty = _N * 2.0

    qp = QuadraticProgram()
    for i in range(_N):
        for t in range(_N):
            qp.binary_var(f"p_{i}_{t}")

    # ── Objective: route cost ────────────────────────────────────────────
    _lin = {}
    _quad = {}
    for i in range(_N):
        ci = i + 1   # index into dist_norm (0 = depot)
        # depot → first stop
        _lin[f"p_{i}_0"] = _lin.get(f"p_{i}_0", 0) + float(dist_norm[0, ci])
        # last stop → depot
        _lin[f"p_{i}_{_N-1}"] = _lin.get(f"p_{i}_{_N-1}", 0) + float(dist_norm[ci, 0])

    # consecutive-stop costs (quadratic)
    for t in range(_N - 1):
        for i in range(_N):
            ci = i + 1
            for j in range(_N):
                cj = j + 1
                if i != j:
                    key = (f"p_{i}_{t}", f"p_{j}_{t+1}")
                    _quad[key] = _quad.get(key, 0) + float(dist_norm[ci, cj])

    qp.minimize(linear=_lin, quadratic=_quad)

    # ── Assignment constraints ───────────────────────────────────────────
    for i in range(_N):
        qp.linear_constraint(
            {f"p_{i}_{t}": 1 for t in range(_N)},
            sense="==", rhs=1, name=f"cust_{i}")
    for t in range(_N):
        qp.linear_constraint(
            {f"p_{i}_{t}": 1 for i in range(_N)},
            sense="==", rhs=1, name=f"pos_{t}")

    qubo = QuadraticProgramToQubo(penalty=penalty).convert(qp)

    # Build position variable map: var_index → (customer_idx, position)
    var_names = [v.name for v in qubo.variables]
    pos_var_map = {}
    for vi, vn in enumerate(var_names):
        if vn.startswith("p_"):
            parts = vn.split("_")
            pos_var_map[vi] = (int(parts[1]), int(parts[2]))

    return qubo, dist_mat, m1, _N, pos_var_map


# ══════════════════════════════════════════════════════════════════════════════
# CLASSICAL BRUTE-FORCE OPTIMAL
# ══════════════════════════════════════════════════════════════════════════════

def classical_optimal(dist_mat):
    """Brute-force optimal TSP tour (depot=0, k=1) for up to ~8 nodes."""
    m1 = dist_mat.shape[0]
    customers = list(range(1, m1))
    best_cost = float("inf")
    best_perm = None
    for perm in itertools.permutations(customers):
        cost = dist_mat[0, perm[0]]
        for a, b in zip(perm, perm[1:]):
            cost += dist_mat[a, b]
        cost += dist_mat[perm[-1], 0]
        if cost < best_cost:
            best_cost = cost
            best_perm = perm
    return best_cost, list(best_perm)


# ══════════════════════════════════════════════════════════════════════════════
# QAOA RUNNER
# ══════════════════════════════════════════════════════════════════════════════

def run_qaoa(qubo, dist_mat, m1, _N, pos_var_map, config, seed, initial_point=None):
    """
    Run QAOA on a position-indexed QUBO with a given config.

    Returns dict with: energy, params (gamma/beta), cost, valid_frac,
                       n_eval, wall_time, found_optimal
    """
    reps = config["reps"]
    opt_name = config["optimizer"].upper()
    maxiter = config["maxiter"]
    n_restarts = config["restarts"]

    ising_op, offset = qubo.to_ising()
    raw = np.array([abs(c) for _, c in ising_op.to_list()], dtype=float)
    op_scale = float(np.max(raw)) if len(raw) > 0 and np.max(raw) > 0 else 1.0
    ising_n = ising_op / op_scale

    algorithm_globals.random_seed = seed
    np.random.seed(seed)

    backend_sv = AerSimulator(method="statevector", seed_simulator=seed)
    est = BackendEstimator(backend=backend_sv)

    ansatz = QAOAAnsatz(ising_n, reps=reps)
    tqc = transpile(ansatz, backend=backend_sv, optimization_level=3)
    n_params = ansatz.num_parameters

    # Track evaluations
    eval_count = [0]

    def _energy(theta, _tqc=tqc):
        theta = np.asarray(theta, dtype=float).ravel()
        job = est.run([_tqc], [ising_n], parameter_values=[theta])
        eval_count[0] += 1
        return float(job.result().values[0]) * op_scale + offset

    if opt_name == "ADAM":
